#Nombre d'essais = 100000, 
#Poids de l'erreur = 4801, 
#Taille d'un bloc = 42, 
#Poids de h = 45. 
0 	 1324.128296 	 0 
1 	 1323.537476 	 1 
2 	 1324.194458 	 0 
3 	 1324.381592 	 0 
4 	 1324.301270 	 0 
5 	 1324.519775 	 0 
6 	 1322.528076 	 2 
7 	 1323.975464 	 0 
8 	 1323.307251 	 1 
9 	 1324.291260 	 0 
10 	 1323.123291 	 1 
11 	 1324.181030 	 0 
12 	 1324.198853 	 0 
13 	 1324.094971 	 0 
14 	 1323.320435 	 1 
15 	 1323.378906 	 1 
16 	 1324.227539 	 0 
17 	 1324.329224 	 0 
18 	 1324.121216 	 0 
19 	 1324.295654 	 0 
20 	 1324.155518 	 0 
21 	 1324.017578 	 0 
22 	 1323.532715 	 1 
23 	 1323.589600 	 1 
24 	 1324.367554 	 0 
25 	 1324.075317 	 0 
26 	 1324.193481 	 0 
27 	 1324.219727 	 0 
28 	 1323.415771 	 1 
29 	 1324.157959 	 0 
30 	 1323.581055 	 1 
31 	 1324.091187 	 0 
32 	 1324.250366 	 0 
33 	 1324.341309 	 0 
34 	 1323.355835 	 1 
35 	 1323.532593 	 1 
36 	 1324.346436 	 0 
37 	 1324.155396 	 0 
38 	 1323.491699 	 1 
39 	 1323.314087 	 1 
40 	 1324.399414 	 0 
41 	 1324.119873 	 0 
42 	 1324.264038 	 0 
43 	 1324.325684 	 0 
44 	 1324.302124 	 0 
45 	 1324.412231 	 0 
46 	 1324.181763 	 0 
47 	 1324.405762 	 0 
48 	 1324.113770 	 0 
49 	 1324.333618 	 0 
50 	 1324.041016 	 0 
51 	 1323.420410 	 1 
52 	 1324.150513 	 0 
53 	 1324.173584 	 0 
54 	 1324.025879 	 0 
55 	 1324.348633 	 0 
56 	 1324.221313 	 0 
57 	 1323.433105 	 1 
58 	 1324.067261 	 0 
59 	 1324.215576 	 0 
60 	 1324.096680 	 0 
61 	 1324.351440 	 0 
62 	 1323.476685 	 1 
63 	 1323.325928 	 1 
64 	 1323.505127 	 1 
65 	 1324.325439 	 0 
66 	 1324.166260 	 0 
67 	 1323.465576 	 1 
68 	 1324.255371 	 0 
69 	 1324.352539 	 0 
70 	 1324.357422 	 0 
71 	 1324.365356 	 0 
72 	 1324.139648 	 0 
73 	 1322.473999 	 2 
74 	 1324.045044 	 0 
75 	 1324.150513 	 0 
76 	 1324.370605 	 0 
77 	 1323.429932 	 1 
78 	 1323.297119 	 1 
79 	 1324.343018 	 0 
80 	 1323.954468 	 0 
81 	 1324.323975 	 0 
82 	 1322.585693 	 2 
83 	 1324.344849 	 0 
84 	 1324.131104 	 0 
85 	 1324.240967 	 0 
86 	 1324.216309 	 0 
87 	 1323.355103 	 1 
88 	 1324.238037 	 0 
89 	 1323.372681 	 1 
90 	 1324.099243 	 0 
91 	 1323.747803 	 1 
92 	 1323.377930 	 1 
93 	 1323.399536 	 1 
94 	 1323.529907 	 1 
95 	 1324.244629 	 0 
96 	 1323.445923 	 1 
97 	 1323.478638 	 1 
98 	 1323.287231 	 1 
99 	 1324.219238 	 0 
100 	 1324.313599 	 0 
101 	 1324.242920 	 0 
102 	 1324.250488 	 0 
103 	 1324.165283 	 0 
104 	 1324.085083 	 0 
105 	 1324.112183 	 0 
106 	 1323.966431 	 0 
107 	 1324.273071 	 0 
108 	 1323.356567 	 1 
109 	 1323.522095 	 1 
110 	 1324.334717 	 0 
111 	 1323.226807 	 1 
112 	 1322.569458 	 2 
113 	 1324.228760 	 0 
114 	 1324.072754 	 0 
115 	 1323.490845 	 1 
116 	 1323.450195 	 1 
117 	 1324.346558 	 0 
118 	 1322.674561 	 2 
119 	 1323.605591 	 1 
120 	 1324.296753 	 0 
121 	 1324.278076 	 0 
122 	 1324.275269 	 0 
123 	 1323.387451 	 1 
124 	 1324.373169 	 0 
125 	 1323.981201 	 0 
126 	 1324.245605 	 0 
127 	 1323.424438 	 1 
128 	 1324.288330 	 0 
129 	 1323.593262 	 1 
130 	 1323.471191 	 1 
131 	 1324.143555 	 0 
132 	 1324.177734 	 0 
133 	 1324.114624 	 0 
134 	 1324.281128 	 0 
135 	 1324.247070 	 0 
136 	 1323.368042 	 1 
137 	 1324.203247 	 0 
138 	 1324.203369 	 0 
139 	 1324.231689 	 0 
140 	 1324.382080 	 0 
141 	 1324.199951 	 0 
142 	 1324.372437 	 0 
143 	 1324.156738 	 0 
144 	 1324.164062 	 0 
145 	 1323.135254 	 1 
146 	 1322.665771 	 2 
147 	 1324.179321 	 0 
148 	 1323.521973 	 1 
149 	 1324.129395 	 0 
150 	 1323.297974 	 1 
151 	 1324.207275 	 0 
152 	 1324.255005 	 0 
153 	 1324.357300 	 0 
154 	 1324.267822 	 0 
155 	 1324.173218 	 0 
156 	 1324.125610 	 0 
157 	 1324.514893 	 0 
158 	 1324.093628 	 0 
159 	 1324.192505 	 0 
160 	 1324.185303 	 0 
161 	 1323.415405 	 1 
162 	 1324.151733 	 0 
163 	 1324.353027 	 0 
164 	 1324.118774 	 0 
165 	 1324.195679 	 0 
166 	 1323.379517 	 1 
167 	 1323.981445 	 0 
168 	 1324.319946 	 0 
169 	 1322.663452 	 2 
170 	 1324.219238 	 0 
171 	 1322.973389 	 2 
172 	 1323.405273 	 1 
173 	 1324.131104 	 0 
174 	 1324.166992 	 0 
175 	 1322.601440 	 2 
176 	 1324.232666 	 0 
177 	 1322.761108 	 2 
178 	 1323.324951 	 1 
179 	 1324.149292 	 0 
180 	 1324.140991 	 0 
181 	 1322.612061 	 2 
182 	 1324.337769 	 0 
183 	 1324.159668 	 0 
184 	 1324.324097 	 0 
185 	 1324.213989 	 0 
186 	 1324.168091 	 0 
187 	 1324.266357 	 0 
188 	 1324.381958 	 0 
189 	 1324.432617 	 0 
190 	 1323.406494 	 1 
191 	 1324.248169 	 0 
192 	 1322.794556 	 2 
193 	 1324.266846 	 0 
194 	 1322.693481 	 2 
195 	 1324.203857 	 0 
196 	 1323.516968 	 1 
197 	 1324.266235 	 0 
198 	 1324.209106 	 0 
199 	 1324.189941 	 0 
200 	 1323.978516 	 0 
201 	 1322.712402 	 2 
202 	 1324.282715 	 0 
203 	 1324.114502 	 0 
204 	 1324.299561 	 0 
205 	 1323.626221 	 1 
206 	 1322.538452 	 2 
207 	 1323.324341 	 1 
208 	 1323.388550 	 1 
209 	 1324.187134 	 0 
210 	 1324.292603 	 0 
211 	 1323.557861 	 1 
212 	 1324.084473 	 0 
213 	 1323.970825 	 0 
214 	 1324.239014 	 0 
215 	 1323.325195 	 1 
216 	 1324.308228 	 0 
217 	 1324.236938 	 0 
218 	 1324.359985 	 0 
219 	 1324.135498 	 0 
220 	 1324.235718 	 0 
221 	 1323.991211 	 0 
222 	 1324.289917 	 0 
223 	 1323.949341 	 0 
224 	 1324.249878 	 0 
225 	 1324.272705 	 0 
226 	 1324.218384 	 0 
227 	 1324.214111 	 0 
228 	 1322.777588 	 2 
229 	 1323.284912 	 1 
230 	 1324.198364 	 0 
231 	 1323.374390 	 1 
232 	 1323.575073 	 1 
233 	 1324.264893 	 0 
234 	 1324.171753 	 0 
235 	 1324.138550 	 0 
236 	 1324.216919 	 0 
237 	 1324.299194 	 0 
238 	 1324.155518 	 0 
239 	 1324.097412 	 0 
240 	 1324.217896 	 0 
241 	 1324.240356 	 0 
242 	 1324.264038 	 0 
243 	 1324.343384 	 0 
244 	 1324.314697 	 0 
245 	 1324.144897 	 0 
246 	 1323.543701 	 1 
247 	 1324.372681 	 0 
248 	 1324.303467 	 0 
249 	 1323.398804 	 1 
250 	 1324.211060 	 0 
251 	 1324.279785 	 0 
252 	 1324.203369 	 0 
253 	 1324.249512 	 0 
254 	 1324.287109 	 0 
255 	 1324.243042 	 0 
256 	 1323.490112 	 1 
257 	 1324.344727 	 0 
258 	 1324.151001 	 0 
259 	 1323.385864 	 1 
260 	 1324.088623 	 0 
261 	 1324.259766 	 0 
262 	 1324.200439 	 0 
263 	 1323.291626 	 1 
264 	 1323.543213 	 1 
265 	 1324.221558 	 0 
266 	 1323.983154 	 0 
267 	 1324.393677 	 0 
268 	 1323.442749 	 1 
269 	 1324.278564 	 0 
270 	 1323.954468 	 0 
271 	 1324.226562 	 0 
272 	 1323.609863 	 1 
273 	 1324.284424 	 0 
274 	 1324.164551 	 0 
275 	 1324.270142 	 0 
276 	 1323.501343 	 1 
277 	 1324.276611 	 0 
278 	 1323.334229 	 1 
279 	 1324.078491 	 0 
280 	 1323.546509 	 1 
281 	 1322.546753 	 2 
282 	 1324.032593 	 0 
283 	 1324.405518 	 0 
284 	 1324.190796 	 0 
285 	 1323.480225 	 1 
286 	 1324.202515 	 0 
287 	 1324.295410 	 0 
288 	 1323.541382 	 1 
289 	 1324.280884 	 0 
290 	 1323.538940 	 1 
291 	 1322.451172 	 2 
292 	 1323.526367 	 1 
293 	 1324.138306 	 0 
294 	 1323.417480 	 1 
295 	 1323.538452 	 1 
296 	 1323.436279 	 1 
297 	 1324.230835 	 0 
298 	 1324.307983 	 0 
299 	 1324.339966 	 0 
300 	 1324.287231 	 0 
301 	 1324.157593 	 0 
302 	 1324.196899 	 0 
303 	 1323.523926 	 1 
304 	 1324.286621 	 0 
305 	 1324.313965 	 0 
306 	 1323.482300 	 1 
307 	 1324.274170 	 0 
308 	 1324.117188 	 0 
309 	 1324.300537 	 0 
310 	 1324.198364 	 0 
311 	 1324.390625 	 0 
312 	 1324.293701 	 0 
313 	 1324.272583 	 0 
314 	 1324.328369 	 0 
315 	 1324.255127 	 0 
316 	 1324.211304 	 0 
317 	 1323.637085 	 1 
318 	 1323.462891 	 1 
319 	 1324.048584 	 0 
320 	 1323.607300 	 1 
321 	 1323.351685 	 1 
322 	 1324.347046 	 0 
323 	 1324.274536 	 0 
324 	 1322.592407 	 2 
325 	 1324.287720 	 0 
326 	 1323.471313 	 1 
327 	 1323.391724 	 1 
328 	 1323.528442 	 1 
329 	 1322.558838 	 2 
330 	 1324.346436 	 0 
331 	 1323.268188 	 1 
332 	 1324.332031 	 0 
333 	 1324.300049 	 0 
334 	 1324.261841 	 0 
335 	 1323.344116 	 1 
336 	 1324.056396 	 0 
337 	 1324.199341 	 0 
338 	 1323.396851 	 1 
339 	 1324.182373 	 0 
340 	 1324.226318 	 0 
341 	 1324.254272 	 0 
342 	 1323.348877 	 1 
343 	 1323.437012 	 1 
344 	 1323.987427 	 0 
345 	 1324.249634 	 0 
346 	 1324.029175 	 0 
347 	 1324.224731 	 0 
348 	 1324.352417 	 0 
349 	 1324.341187 	 0 
350 	 1323.320557 	 1 
351 	 1324.185791 	 0 
352 	 1324.185791 	 0 
353 	 1323.461792 	 1 
354 	 1324.225830 	 0 
355 	 1324.329590 	 0 
356 	 1324.057251 	 0 
357 	 1324.239258 	 0 
358 	 1323.300415 	 1 
359 	 1323.494995 	 1 
360 	 1322.646240 	 2 
361 	 1324.490112 	 0 
362 	 1324.233887 	 0 
363 	 1324.088135 	 0 
364 	 1323.484253 	 1 
365 	 1324.183838 	 0 
366 	 1324.191650 	 0 
367 	 1324.323608 	 0 
368 	 1324.218994 	 0 
369 	 1324.280396 	 0 
370 	 1324.193848 	 0 
371 	 1323.438110 	 1 
372 	 1324.146729 	 0 
373 	 1324.344116 	 0 
374 	 1323.387817 	 1 
375 	 1323.513794 	 1 
376 	 1323.356445 	 1 
377 	 1324.209839 	 0 
378 	 1324.107544 	 0 
379 	 1324.225952 	 0 
380 	 1324.324097 	 0 
381 	 1324.217773 	 0 
382 	 1324.111816 	 0 
383 	 1323.426514 	 1 
384 	 1324.137573 	 0 
385 	 1323.304810 	 1 
386 	 1324.261353 	 0 
387 	 1322.783447 	 2 
388 	 1324.286865 	 0 
389 	 1324.191895 	 0 
390 	 1324.156006 	 0 
391 	 1324.429199 	 0 
392 	 1324.200684 	 0 
393 	 1323.342041 	 1 
394 	 1323.466187 	 1 
395 	 1323.587769 	 1 
396 	 1324.258301 	 0 
397 	 1324.142334 	 0 
398 	 1322.644043 	 2 
399 	 1324.070435 	 0 
400 	 1323.607300 	 1 
401 	 1323.640015 	 1 
402 	 1324.188477 	 0 
403 	 1323.521729 	 1 
404 	 1323.445312 	 1 
405 	 1323.248535 	 1 
406 	 1324.330322 	 0 
407 	 1323.473999 	 1 
408 	 1324.250366 	 0 
409 	 1324.325195 	 0 
410 	 1322.489258 	 2 
411 	 1323.468628 	 1 
412 	 1324.153564 	 0 
413 	 1324.198608 	 0 
414 	 1324.177368 	 0 
415 	 1324.093018 	 0 
416 	 1324.136230 	 0 
417 	 1324.390503 	 0 
418 	 1322.794434 	 2 
419 	 1323.486572 	 1 
420 	 1324.204468 	 0 
421 	 1324.274658 	 0 
422 	 1322.809326 	 2 
423 	 1323.512939 	 1 
424 	 1322.804688 	 2 
425 	 1323.313110 	 1 
426 	 1324.419434 	 0 
427 	 1324.187012 	 0 
428 	 1323.239624 	 1 
429 	 1324.278320 	 0 
430 	 1324.294556 	 0 
431 	 1324.125732 	 0 
432 	 1324.212891 	 0 
433 	 1324.230469 	 0 
434 	 1322.533325 	 2 
435 	 1324.316895 	 0 
436 	 1324.383423 	 0 
437 	 1323.407471 	 1 
438 	 1324.217041 	 0 
439 	 1324.309448 	 0 
440 	 1324.237793 	 0 
441 	 1323.301025 	 1 
442 	 1324.026855 	 0 
443 	 1324.152222 	 0 
444 	 1323.558472 	 1 
445 	 1324.263550 	 0 
446 	 1323.473145 	 1 
447 	 1324.114746 	 0 
448 	 1323.380615 	 1 
449 	 1324.270630 	 0 
450 	 1323.353638 	 1 
451 	 1324.125000 	 0 
452 	 1324.095337 	 0 
453 	 1324.292847 	 0 
454 	 1322.773193 	 2 
455 	 1324.041626 	 0 
456 	 1324.080566 	 0 
457 	 1324.214355 	 0 
458 	 1323.301758 	 1 
459 	 1324.103760 	 0 
460 	 1324.247681 	 0 
461 	 1322.340576 	 2 
462 	 1324.161987 	 0 
463 	 1324.145386 	 0 
464 	 1324.262085 	 0 
465 	 1323.478271 	 1 
466 	 1324.246216 	 0 
467 	 1324.093750 	 0 
468 	 1323.489990 	 1 
469 	 1324.229370 	 0 
470 	 1324.229858 	 0 
471 	 1324.097168 	 0 
472 	 1324.302246 	 0 
473 	 1322.526001 	 2 
474 	 1324.068237 	 0 
475 	 1324.057373 	 0 
476 	 1324.337402 	 0 
477 	 1324.036255 	 0 
478 	 1324.356812 	 0 
479 	 1324.245361 	 0 
480 	 1323.350464 	 1 
481 	 1324.249878 	 0 
482 	 1324.355469 	 0 
483 	 1324.329712 	 0 
484 	 1323.397217 	 1 
485 	 1324.303955 	 0 
486 	 1324.431030 	 0 
487 	 1324.190308 	 0 
488 	 1323.491333 	 1 
489 	 1323.185913 	 1 
490 	 1324.396606 	 0 
491 	 1324.089722 	 0 
492 	 1324.105347 	 0 
493 	 1324.500488 	 0 
494 	 1324.115967 	 0 
495 	 1324.407227 	 0 
496 	 1323.419434 	 1 
497 	 1324.128662 	 0 
498 	 1323.382080 	 1 
499 	 1324.157227 	 0 
500 	 1323.522949 	 1 
501 	 1324.279175 	 0 
502 	 1324.234253 	 0 
503 	 1324.260254 	 0 
504 	 1323.421753 	 1 
505 	 1323.345703 	 1 
506 	 1323.961548 	 0 
507 	 1322.741699 	 2 
508 	 1323.545166 	 1 
509 	 1324.241699 	 0 
510 	 1323.536133 	 1 
511 	 1323.630249 	 1 
512 	 1324.190063 	 0 
513 	 1323.991699 	 0 
514 	 1324.321411 	 0 
515 	 1324.167114 	 0 
516 	 1324.351562 	 0 
517 	 1324.255493 	 0 
518 	 1324.100220 	 0 
519 	 1324.144531 	 0 
520 	 1324.269897 	 0 
521 	 1324.308472 	 0 
522 	 1324.390259 	 0 
523 	 1324.428711 	 0 
524 	 1323.475098 	 1 
525 	 1324.450562 	 0 
526 	 1324.245483 	 0 
527 	 1324.043335 	 0 
528 	 1324.190308 	 0 
529 	 1323.418457 	 1 
530 	 1323.387329 	 1 
531 	 1323.449463 	 1 
532 	 1324.157959 	 0 
533 	 1324.252808 	 0 
534 	 1324.331787 	 0 
535 	 1323.942383 	 0 
536 	 1324.166138 	 0 
537 	 1323.385742 	 1 
538 	 1323.406860 	 1 
539 	 1324.089233 	 0 
540 	 1324.204468 	 0 
541 	 1324.255615 	 0 
542 	 1323.484863 	 1 
543 	 1323.904175 	 0 
544 	 1323.445190 	 1 
545 	 1324.310547 	 0 
546 	 1324.291626 	 0 
547 	 1324.307251 	 0 
548 	 1324.275024 	 0 
549 	 1324.198364 	 0 
550 	 1324.194824 	 0 
551 	 1324.368286 	 0 
552 	 1324.032227 	 0 
553 	 1323.555176 	 1 
554 	 1324.120239 	 0 
555 	 1324.197998 	 0 
556 	 1324.107178 	 0 
557 	 1323.444458 	 1 
558 	 1324.357056 	 0 
559 	 1324.297607 	 0 
560 	 1324.334717 	 0 
561 	 1324.191162 	 0 
562 	 1324.210571 	 0 
563 	 1324.283447 	 0 
564 	 1324.155884 	 0 
565 	 1324.313843 	 0 
566 	 1324.179443 	 0 
567 	 1323.377686 	 1 
568 	 1324.222412 	 0 
569 	 1323.387329 	 1 
570 	 1323.355957 	 1 
571 	 1324.121338 	 0 
572 	 1323.479370 	 1 
573 	 1324.006348 	 0 
574 	 1323.455200 	 1 
575 	 1324.241821 	 0 
576 	 1324.219482 	 0 
577 	 1322.729980 	 2 
578 	 1323.421875 	 1 
579 	 1323.364136 	 1 
580 	 1323.343628 	 1 
581 	 1322.656982 	 2 
582 	 1323.383667 	 1 
583 	 1323.473633 	 1 
584 	 1324.281372 	 0 
585 	 1323.348389 	 1 
586 	 1324.301514 	 0 
587 	 1324.002930 	 0 
588 	 1324.042603 	 0 
589 	 1322.526978 	 2 
590 	 1324.229126 	 0 
591 	 1324.416138 	 0 
592 	 1322.589111 	 2 
593 	 1324.069946 	 0 
594 	 1323.501587 	 1 
595 	 1323.372925 	 1 
596 	 1324.255005 	 0 
597 	 1323.351562 	 1 
598 	 1324.312134 	 0 
599 	 1324.324097 	 0 
600 	 1324.183960 	 0 
601 	 1323.585693 	 1 
602 	 1324.372559 	 0 
603 	 1322.504150 	 2 
604 	 1324.214722 	 0 
605 	 1324.196899 	 0 
606 	 1323.473999 	 1 
607 	 1323.455566 	 1 
608 	 1324.267822 	 0 
609 	 1324.020630 	 0 
610 	 1323.556519 	 1 
611 	 1324.027100 	 0 
612 	 1324.220459 	 0 
613 	 1324.086792 	 0 
614 	 1324.271606 	 0 
615 	 1324.117676 	 0 
616 	 1323.480103 	 1 
617 	 1322.815796 	 2 
618 	 1323.433716 	 1 
619 	 1324.238647 	 0 
620 	 1323.623413 	 1 
621 	 1324.220459 	 0 
622 	 1324.120117 	 0 
623 	 1323.453735 	 1 
624 	 1322.705688 	 2 
625 	 1324.240234 	 0 
626 	 1324.285156 	 0 
627 	 1324.389038 	 0 
628 	 1323.980591 	 0 
629 	 1324.265259 	 0 
630 	 1324.026611 	 0 
631 	 1323.429199 	 1 
632 	 1324.272217 	 0 
633 	 1324.202881 	 0 
634 	 1324.269775 	 0 
635 	 1324.137695 	 0 
636 	 1324.328125 	 0 
637 	 1324.187744 	 0 
638 	 1324.266479 	 0 
639 	 1324.208252 	 0 
640 	 1324.217163 	 0 
641 	 1323.341064 	 1 
642 	 1324.424805 	 0 
643 	 1324.247192 	 0 
644 	 1324.162720 	 0 
645 	 1324.068848 	 0 
646 	 1324.378784 	 0 
647 	 1323.461426 	 1 
648 	 1324.159424 	 0 
649 	 1324.188965 	 0 
650 	 1324.303467 	 0 
651 	 1324.066772 	 0 
652 	 1324.036865 	 0 
653 	 1324.253540 	 0 
654 	 1323.437134 	 1 
655 	 1323.329346 	 1 
656 	 1323.166138 	 1 
657 	 1324.263062 	 0 
658 	 1324.129395 	 0 
659 	 1324.331787 	 0 
660 	 1324.300415 	 0 
661 	 1323.445312 	 1 
662 	 1324.191528 	 0 
663 	 1324.285156 	 0 
664 	 1324.027344 	 0 
665 	 1324.258911 	 0 
666 	 1324.169434 	 0 
667 	 1324.226562 	 0 
668 	 1323.422363 	 1 
669 	 1324.154297 	 0 
670 	 1324.236206 	 0 
671 	 1324.173218 	 0 
672 	 1324.205078 	 0 
673 	 1324.260010 	 0 
674 	 1323.186157 	 1 
675 	 1323.389771 	 1 
676 	 1324.014160 	 0 
677 	 1323.556152 	 1 
678 	 1324.128662 	 0 
679 	 1323.365112 	 1 
680 	 1322.686890 	 2 
681 	 1323.667480 	 1 
682 	 1324.150513 	 0 
683 	 1323.385620 	 1 
684 	 1324.419922 	 0 
685 	 1324.308716 	 0 
686 	 1324.083008 	 0 
687 	 1324.191528 	 0 
688 	 1324.088135 	 0 
689 	 1323.526367 	 1 
690 	 1323.510254 	 1 
691 	 1324.218384 	 0 
692 	 1324.104248 	 0 
693 	 1324.197388 	 0 
694 	 1324.115479 	 0 
695 	 1324.074585 	 0 
696 	 1323.470581 	 1 
697 	 1324.290405 	 0 
698 	 1323.572754 	 1 
699 	 1324.376465 	 0 
700 	 1323.373901 	 1 
701 	 1324.073608 	 0 
702 	 1323.535767 	 1 
703 	 1323.949829 	 0 
704 	 1324.228271 	 0 
705 	 1322.723755 	 2 
706 	 1322.651611 	 2 
707 	 1323.543701 	 1 
708 	 1324.177856 	 0 
709 	 1324.259033 	 0 
710 	 1324.275757 	 0 
711 	 1324.169067 	 0 
712 	 1324.053711 	 0 
713 	 1324.197021 	 0 
714 	 1323.485352 	 1 
715 	 1322.671265 	 2 
716 	 1324.375000 	 0 
717 	 1324.239746 	 0 
718 	 1324.015747 	 0 
719 	 1324.401245 	 0 
720 	 1324.300171 	 0 
721 	 1323.542236 	 1 
722 	 1324.284546 	 0 
723 	 1323.930664 	 0 
724 	 1324.132446 	 0 
725 	 1323.368408 	 1 
726 	 1324.320801 	 0 
727 	 1324.262085 	 0 
728 	 1324.241821 	 0 
729 	 1324.142456 	 0 
730 	 1323.477539 	 1 
731 	 1324.172241 	 0 
732 	 1324.045044 	 0 
733 	 1324.305420 	 0 
734 	 1324.409912 	 0 
735 	 1324.146362 	 0 
736 	 1322.628174 	 2 
737 	 1323.472900 	 1 
738 	 1324.119629 	 0 
739 	 1323.394897 	 1 
740 	 1324.208740 	 0 
741 	 1324.019897 	 0 
742 	 1324.154297 	 0 
743 	 1324.104370 	 0 
744 	 1322.628540 	 2 
745 	 1324.256958 	 0 
746 	 1324.251831 	 0 
747 	 1324.160278 	 0 
748 	 1324.025146 	 0 
749 	 1323.309448 	 1 
750 	 1323.287842 	 1 
751 	 1324.228882 	 0 
752 	 1324.118896 	 0 
753 	 1324.186890 	 0 
754 	 1322.603271 	 2 
755 	 1324.531128 	 0 
756 	 1324.246704 	 0 
757 	 1323.334961 	 1 
758 	 1324.352661 	 0 
759 	 1323.557251 	 1 
760 	 1324.115234 	 0 
761 	 1324.054810 	 0 
762 	 1323.316772 	 1 
763 	 1323.345215 	 1 
764 	 1323.557739 	 1 
765 	 1324.278198 	 0 
766 	 1324.094604 	 0 
767 	 1324.331787 	 0 
768 	 1324.304688 	 0 
769 	 1324.196167 	 0 
770 	 1322.614014 	 2 
771 	 1324.162231 	 0 
772 	 1323.347656 	 1 
773 	 1322.808228 	 2 
774 	 1322.556274 	 2 
775 	 1323.521240 	 1 
776 	 1324.354980 	 0 
777 	 1324.207520 	 0 
778 	 1324.239990 	 0 
779 	 1324.233643 	 0 
780 	 1323.204224 	 1 
781 	 1324.358398 	 0 
782 	 1324.351196 	 0 
783 	 1324.027954 	 0 
784 	 1324.123169 	 0 
785 	 1322.520386 	 2 
786 	 1323.349854 	 1 
787 	 1323.438965 	 1 
788 	 1323.365112 	 1 
789 	 1324.197021 	 0 
790 	 1324.286011 	 0 
791 	 1323.257935 	 1 
792 	 1324.072021 	 0 
793 	 1322.696655 	 2 
794 	 1322.636963 	 2 
795 	 1324.274536 	 0 
796 	 1324.098877 	 0 
797 	 1324.383789 	 0 
798 	 1324.408325 	 0 
799 	 1324.218140 	 0 
800 	 1324.275146 	 0 
801 	 1324.306030 	 0 
802 	 1324.214600 	 0 
803 	 1323.511353 	 1 
804 	 1324.083130 	 0 
805 	 1324.152588 	 0 
806 	 1324.317261 	 0 
807 	 1324.159912 	 0 
808 	 1323.906982 	 0 
809 	 1323.470581 	 1 
810 	 1324.365356 	 0 
811 	 1324.598999 	 0 
812 	 1324.106323 	 0 
813 	 1324.179321 	 0 
814 	 1324.184937 	 0 
815 	 1324.229370 	 0 
816 	 1324.298706 	 0 
817 	 1323.307983 	 1 
818 	 1323.464600 	 1 
819 	 1322.510986 	 2 
820 	 1324.276123 	 0 
821 	 1324.313354 	 0 
822 	 1323.488281 	 1 
823 	 1324.101807 	 0 
824 	 1324.092529 	 0 
825 	 1324.076416 	 0 
826 	 1323.424927 	 1 
827 	 1323.492432 	 1 
828 	 1323.467041 	 1 
829 	 1324.144775 	 0 
830 	 1323.444824 	 1 
831 	 1324.239624 	 0 
832 	 1324.107178 	 0 
833 	 1324.343384 	 0 
834 	 1323.533203 	 1 
835 	 1324.115112 	 0 
836 	 1324.275513 	 0 
837 	 1323.308228 	 1 
838 	 1324.266724 	 0 
839 	 1324.309448 	 0 
840 	 1324.186401 	 0 
841 	 1324.415771 	 0 
842 	 1324.094482 	 0 
843 	 1324.282104 	 0 
844 	 1324.259399 	 0 
845 	 1324.031738 	 0 
846 	 1323.686768 	 1 
847 	 1324.231445 	 0 
848 	 1324.288452 	 0 
849 	 1321.911133 	 3 
850 	 1323.365967 	 1 
851 	 1324.095703 	 0 
852 	 1323.376709 	 1 
853 	 1322.609375 	 2 
854 	 1323.635742 	 1 
855 	 1324.250000 	 0 
856 	 1323.494385 	 1 
857 	 1324.075562 	 0 
858 	 1324.125244 	 0 
859 	 1324.279419 	 0 
860 	 1324.194580 	 0 
861 	 1322.736816 	 2 
862 	 1324.071411 	 0 
863 	 1324.122437 	 0 
864 	 1324.330688 	 0 
865 	 1324.085083 	 0 
866 	 1324.140625 	 0 
867 	 1324.234009 	 0 
868 	 1323.995972 	 0 
869 	 1324.240234 	 0 
870 	 1323.543335 	 1 
871 	 1324.183838 	 0 
872 	 1323.382935 	 1 
873 	 1323.536499 	 1 
874 	 1324.320312 	 0 
875 	 1324.302246 	 0 
876 	 1323.505493 	 1 
877 	 1324.304321 	 0 
878 	 1324.172729 	 0 
879 	 1324.241211 	 0 
880 	 1324.367798 	 0 
881 	 1324.410889 	 0 
882 	 1324.098389 	 0 
883 	 1322.533203 	 2 
884 	 1322.743164 	 2 
885 	 1323.967285 	 0 
886 	 1323.441406 	 1 
887 	 1324.157471 	 0 
888 	 1324.226074 	 0 
889 	 1324.162476 	 0 
890 	 1324.110962 	 0 
891 	 1324.048706 	 0 
892 	 1323.963745 	 0 
893 	 1324.397461 	 0 
894 	 1323.277222 	 1 
895 	 1324.205811 	 0 
896 	 1324.204834 	 0 
897 	 1324.244751 	 0 
898 	 1324.218628 	 0 
899 	 1324.143066 	 0 
900 	 1324.308228 	 0 
901 	 1323.616821 	 1 
902 	 1324.302979 	 0 
903 	 1324.301270 	 0 
904 	 1323.272705 	 1 
905 	 1324.304932 	 0 
906 	 1322.821167 	 2 
907 	 1324.048584 	 0 
908 	 1323.452881 	 1 
909 	 1324.300415 	 0 
910 	 1323.653931 	 1 
911 	 1324.111572 	 0 
912 	 1323.459961 	 1 
913 	 1323.270874 	 1 
914 	 1324.355835 	 0 
915 	 1322.636108 	 2 
916 	 1324.217529 	 0 
917 	 1322.589478 	 2 
918 	 1324.264893 	 0 
919 	 1324.138672 	 0 
920 	 1324.284668 	 0 
921 	 1324.072510 	 0 
922 	 1323.533203 	 1 
923 	 1324.265747 	 0 
924 	 1323.418579 	 1 
925 	 1324.236572 	 0 
926 	 1324.359619 	 0 
927 	 1324.093384 	 0 
928 	 1324.202759 	 0 
929 	 1324.107544 	 0 
930 	 1324.219482 	 0 
931 	 1324.221558 	 0 
932 	 1323.448242 	 1 
933 	 1323.466797 	 1 
934 	 1323.580322 	 1 
935 	 1324.403442 	 0 
936 	 1323.353760 	 1 
937 	 1323.551025 	 1 
938 	 1324.331787 	 0 
939 	 1321.713989 	 3 
940 	 1324.163086 	 0 
941 	 1323.265503 	 1 
942 	 1324.107544 	 0 
943 	 1323.291382 	 1 
944 	 1324.174561 	 0 
945 	 1324.074951 	 0 
946 	 1321.737061 	 3 
947 	 1324.230957 	 0 
948 	 1324.434082 	 0 
949 	 1324.311401 	 0 
950 	 1323.568970 	 1 
951 	 1324.083252 	 0 
952 	 1323.608521 	 1 
953 	 1323.555786 	 1 
954 	 1324.031860 	 0 
955 	 1324.326660 	 0 
956 	 1324.156982 	 0 
957 	 1323.355591 	 1 
958 	 1323.364990 	 1 
959 	 1323.998779 	 0 
960 	 1323.994629 	 0 
961 	 1324.160278 	 0 
962 	 1324.223755 	 0 
963 	 1324.225098 	 0 
964 	 1324.189453 	 0 
965 	 1321.757935 	 3 
966 	 1324.283325 	 0 
967 	 1323.565430 	 1 
968 	 1324.149536 	 0 
969 	 1322.537109 	 2 
970 	 1323.433105 	 1 
971 	 1324.394287 	 0 
972 	 1323.630127 	 1 
973 	 1324.232666 	 0 
974 	 1324.361450 	 0 
975 	 1324.159302 	 0 
976 	 1323.611816 	 1 
977 	 1323.362915 	 1 
978 	 1324.232422 	 0 
979 	 1324.107910 	 0 
980 	 1322.583984 	 2 
981 	 1324.276123 	 0 
982 	 1323.291382 	 1 
983 	 1324.345337 	 0 
984 	 1324.249878 	 0 
985 	 1324.094482 	 0 
986 	 1323.558350 	 1 
987 	 1324.407349 	 0 
988 	 1324.118286 	 0 
989 	 1323.399780 	 1 
990 	 1324.283569 	 0 
991 	 1324.302368 	 0 
992 	 1324.240479 	 0 
993 	 1323.142822 	 1 
994 	 1324.274048 	 0 
995 	 1324.242920 	 0 
996 	 1324.152344 	 0 
997 	 1324.236084 	 0 
998 	 1323.448364 	 1 
999 	 1324.036743 	 0 
1000 	 1322.645874 	 2 
1001 	 1323.402344 	 1 
1002 	 1323.507812 	 1 
1003 	 1323.547363 	 1 
1004 	 1323.256592 	 1 
1005 	 1323.450562 	 1 
1006 	 1323.315674 	 1 
1007 	 1323.444092 	 1 
1008 	 1323.371826 	 1 
1009 	 1324.449463 	 0 
1010 	 1323.559082 	 1 
1011 	 1324.062866 	 0 
1012 	 1324.088379 	 0 
1013 	 1324.412598 	 0 
1014 	 1324.137451 	 0 
1015 	 1323.992554 	 0 
1016 	 1324.332031 	 0 
1017 	 1323.349609 	 1 
1018 	 1324.049316 	 0 
1019 	 1324.315552 	 0 
1020 	 1324.079956 	 0 
1021 	 1323.341675 	 1 
1022 	 1324.279053 	 0 
1023 	 1323.243774 	 1 
1024 	 1324.024292 	 0 
1025 	 1323.496338 	 1 
1026 	 1324.180908 	 0 
1027 	 1323.581787 	 1 
1028 	 1324.196289 	 0 
1029 	 1323.385498 	 1 
1030 	 1323.268066 	 1 
1031 	 1323.244019 	 1 
1032 	 1322.427002 	 2 
1033 	 1324.283691 	 0 
1034 	 1323.299927 	 1 
1035 	 1324.220703 	 0 
1036 	 1324.228394 	 0 
1037 	 1324.212036 	 0 
1038 	 1324.183838 	 0 
1039 	 1324.149902 	 0 
1040 	 1324.088257 	 0 
1041 	 1324.136353 	 0 
1042 	 1324.137085 	 0 
1043 	 1322.557617 	 2 
1044 	 1323.418701 	 1 
1045 	 1323.596313 	 1 
1046 	 1323.307007 	 1 
1047 	 1324.251221 	 0 
1048 	 1322.348633 	 2 
1049 	 1323.359741 	 1 
1050 	 1324.525269 	 0 
1051 	 1323.457031 	 1 
1052 	 1324.272461 	 0 
1053 	 1324.211304 	 0 
1054 	 1323.258179 	 1 
1055 	 1323.370361 	 1 
1056 	 1322.530884 	 2 
1057 	 1324.311035 	 0 
1058 	 1324.253174 	 0 
1059 	 1324.367798 	 0 
1060 	 1324.368774 	 0 
1061 	 1324.038208 	 0 
1062 	 1324.287842 	 0 
1063 	 1323.430786 	 1 
1064 	 1324.363403 	 0 
1065 	 1323.499268 	 1 
1066 	 1323.297241 	 1 
1067 	 1324.364014 	 0 
1068 	 1323.989014 	 0 
1069 	 1323.579590 	 1 
1070 	 1324.176147 	 0 
1071 	 1324.094360 	 0 
1072 	 1324.252808 	 0 
1073 	 1324.256226 	 0 
1074 	 1324.129517 	 0 
1075 	 1324.197998 	 0 
1076 	 1324.356201 	 0 
1077 	 1324.309570 	 0 
1078 	 1323.335693 	 1 
1079 	 1323.377075 	 1 
1080 	 1323.460693 	 1 
1081 	 1324.132080 	 0 
1082 	 1324.218140 	 0 
1083 	 1323.307373 	 1 
1084 	 1324.097778 	 0 
1085 	 1324.228516 	 0 
1086 	 1323.335815 	 1 
1087 	 1324.277588 	 0 
1088 	 1324.057861 	 0 
1089 	 1324.184937 	 0 
1090 	 1324.372681 	 0 
1091 	 1323.476440 	 1 
1092 	 1324.201416 	 0 
1093 	 1322.696045 	 2 
1094 	 1324.018066 	 0 
1095 	 1324.485107 	 0 
1096 	 1324.065186 	 0 
1097 	 1324.203369 	 0 
1098 	 1323.513306 	 1 
1099 	 1324.315186 	 0 
1100 	 1322.491455 	 2 
1101 	 1324.267700 	 0 
1102 	 1324.190186 	 0 
1103 	 1324.123535 	 0 
1104 	 1323.347412 	 1 
1105 	 1323.440430 	 1 
1106 	 1324.111450 	 0 
1107 	 1324.165405 	 0 
1108 	 1323.330811 	 1 
1109 	 1323.384888 	 1 
1110 	 1323.543945 	 1 
1111 	 1324.143555 	 0 
1112 	 1323.502319 	 1 
1113 	 1322.508667 	 2 
1114 	 1324.119751 	 0 
1115 	 1323.376221 	 1 
1116 	 1324.297974 	 0 
1117 	 1324.305664 	 0 
1118 	 1323.330200 	 1 
1119 	 1324.185791 	 0 
1120 	 1324.351196 	 0 
1121 	 1324.291992 	 0 
1122 	 1324.333862 	 0 
1123 	 1323.326538 	 1 
1124 	 1323.514038 	 1 
1125 	 1324.198242 	 0 
1126 	 1323.554810 	 1 
1127 	 1324.027222 	 0 
1128 	 1324.183472 	 0 
1129 	 1324.145020 	 0 
1130 	 1324.218994 	 0 
1131 	 1323.507080 	 1 
1132 	 1324.192993 	 0 
1133 	 1324.182007 	 0 
1134 	 1324.271973 	 0 
1135 	 1323.697021 	 1 
1136 	 1324.183105 	 0 
1137 	 1324.263306 	 0 
1138 	 1324.311768 	 0 
1139 	 1324.216553 	 0 
1140 	 1323.609863 	 1 
1141 	 1323.477905 	 1 
1142 	 1324.185547 	 0 
1143 	 1324.046509 	 0 
1144 	 1323.512329 	 1 
1145 	 1323.411499 	 1 
1146 	 1324.158447 	 0 
1147 	 1322.669312 	 2 
1148 	 1323.305054 	 1 
1149 	 1324.112427 	 0 
1150 	 1324.184570 	 0 
1151 	 1323.550293 	 1 
1152 	 1324.271240 	 0 
1153 	 1323.464600 	 1 
1154 	 1324.272095 	 0 
1155 	 1323.422363 	 1 
1156 	 1324.115723 	 0 
1157 	 1324.086670 	 0 
1158 	 1324.109619 	 0 
1159 	 1324.220581 	 0 
1160 	 1324.351807 	 0 
1161 	 1324.121704 	 0 
1162 	 1322.889893 	 2 
1163 	 1324.083496 	 0 
1164 	 1324.299805 	 0 
1165 	 1323.202026 	 1 
1166 	 1324.049072 	 0 
1167 	 1324.317627 	 0 
1168 	 1323.398193 	 1 
1169 	 1324.181641 	 0 
1170 	 1323.308594 	 1 
1171 	 1323.329224 	 1 
1172 	 1323.457520 	 1 
1173 	 1323.195435 	 1 
1174 	 1323.374146 	 1 
1175 	 1324.203491 	 0 
1176 	 1323.223877 	 1 
1177 	 1324.047241 	 0 
1178 	 1323.992432 	 0 
1179 	 1321.772095 	 3 
1180 	 1324.262085 	 0 
1181 	 1324.190430 	 0 
1182 	 1324.270142 	 0 
1183 	 1323.402222 	 1 
1184 	 1324.270752 	 0 
1185 	 1324.293823 	 0 
1186 	 1324.395996 	 0 
1187 	 1324.048218 	 0 
1188 	 1323.421021 	 1 
1189 	 1324.303711 	 0 
1190 	 1324.131714 	 0 
1191 	 1324.227661 	 0 
1192 	 1324.023438 	 0 
1193 	 1324.068970 	 0 
1194 	 1324.106445 	 0 
1195 	 1324.108032 	 0 
1196 	 1323.276978 	 1 
1197 	 1323.501953 	 1 
1198 	 1324.072388 	 0 
1199 	 1322.836182 	 2 
1200 	 1324.054321 	 0 
1201 	 1324.283447 	 0 
1202 	 1324.112305 	 0 
1203 	 1324.171509 	 0 
1204 	 1324.109253 	 0 
1205 	 1322.523315 	 2 
1206 	 1324.348999 	 0 
1207 	 1324.055420 	 0 
1208 	 1323.415649 	 1 
1209 	 1323.511353 	 1 
1210 	 1323.500488 	 1 
1211 	 1323.534790 	 1 
1212 	 1323.504028 	 1 
1213 	 1324.204956 	 0 
1214 	 1323.238647 	 1 
1215 	 1324.320312 	 0 
1216 	 1323.572510 	 1 
1217 	 1323.997803 	 0 
1218 	 1323.373901 	 1 
1219 	 1324.120239 	 0 
1220 	 1324.141724 	 0 
1221 	 1323.350952 	 1 
1222 	 1324.374023 	 0 
1223 	 1324.260254 	 0 
1224 	 1324.047974 	 0 
1225 	 1323.415161 	 1 
1226 	 1324.338623 	 0 
1227 	 1324.153198 	 0 
1228 	 1323.270508 	 1 
1229 	 1323.311890 	 1 
1230 	 1324.219604 	 0 
1231 	 1323.983643 	 0 
1232 	 1324.216309 	 0 
1233 	 1324.274780 	 0 
1234 	 1323.454346 	 1 
1235 	 1323.320557 	 1 
1236 	 1323.473633 	 1 
1237 	 1323.418579 	 1 
1238 	 1324.162598 	 0 
1239 	 1324.104248 	 0 
1240 	 1324.319092 	 0 
1241 	 1324.251221 	 0 
1242 	 1323.374756 	 1 
1243 	 1324.081055 	 0 
1244 	 1323.106934 	 1 
1245 	 1323.529907 	 1 
1246 	 1324.168213 	 0 
1247 	 1324.126587 	 0 
1248 	 1324.112549 	 0 
1249 	 1324.176392 	 0 
1250 	 1324.249878 	 0 
1251 	 1324.053833 	 0 
1252 	 1324.276367 	 0 
1253 	 1324.128296 	 0 
1254 	 1324.183228 	 0 
1255 	 1324.282349 	 0 
1256 	 1324.255737 	 0 
1257 	 1323.356812 	 1 
1258 	 1324.127441 	 0 
1259 	 1324.085571 	 0 
1260 	 1323.280151 	 1 
1261 	 1324.513550 	 0 
1262 	 1324.116821 	 0 
1263 	 1324.052124 	 0 
1264 	 1323.467407 	 1 
1265 	 1324.334595 	 0 
1266 	 1324.051270 	 0 
1267 	 1323.537476 	 1 
1268 	 1323.439819 	 1 
1269 	 1324.123901 	 0 
1270 	 1324.010864 	 0 
1271 	 1324.248047 	 0 
1272 	 1322.738281 	 2 
1273 	 1323.438965 	 1 
1274 	 1324.230103 	 0 
1275 	 1323.443481 	 1 
1276 	 1324.197876 	 0 
1277 	 1324.069824 	 0 
1278 	 1324.224365 	 0 
1279 	 1324.162720 	 0 
1280 	 1323.470825 	 1 
1281 	 1324.392822 	 0 
1282 	 1323.370728 	 1 
1283 	 1324.401489 	 0 
1284 	 1324.391113 	 0 
1285 	 1324.195923 	 0 
1286 	 1324.137573 	 0 
1287 	 1324.209717 	 0 
1288 	 1323.558472 	 1 
1289 	 1324.174438 	 0 
1290 	 1324.346191 	 0 
1291 	 1324.034546 	 0 
1292 	 1324.308105 	 0 
1293 	 1324.265869 	 0 
1294 	 1323.946045 	 0 
1295 	 1324.267944 	 0 
1296 	 1323.348755 	 1 
1297 	 1323.543945 	 1 
1298 	 1323.385010 	 1 
1299 	 1323.393555 	 1 
1300 	 1324.187866 	 0 
1301 	 1324.115601 	 0 
1302 	 1323.331665 	 1 
1303 	 1324.392456 	 0 
1304 	 1324.131714 	 0 
1305 	 1324.264526 	 0 
1306 	 1324.165649 	 0 
1307 	 1324.258789 	 0 
1308 	 1324.002808 	 0 
1309 	 1324.333618 	 0 
1310 	 1324.275391 	 0 
1311 	 1323.731567 	 1 
1312 	 1323.488281 	 1 
1313 	 1324.305664 	 0 
1314 	 1324.166748 	 0 
1315 	 1323.456665 	 1 
1316 	 1323.257080 	 1 
1317 	 1324.164062 	 0 
1318 	 1323.468384 	 1 
1319 	 1324.207886 	 0 
1320 	 1324.271484 	 0 
1321 	 1324.500488 	 0 
1322 	 1324.240356 	 0 
1323 	 1323.397949 	 1 
1324 	 1323.479492 	 1 
1325 	 1322.677368 	 2 
1326 	 1324.350464 	 0 
1327 	 1323.246094 	 1 
1328 	 1324.184814 	 0 
1329 	 1323.410034 	 1 
1330 	 1324.286743 	 0 
1331 	 1323.432617 	 1 
1332 	 1324.259521 	 0 
1333 	 1323.329102 	 1 
1334 	 1324.213135 	 0 
1335 	 1323.383667 	 1 
1336 	 1324.207397 	 0 
1337 	 1324.199463 	 0 
1338 	 1322.626831 	 2 
1339 	 1323.532104 	 1 
1340 	 1322.510986 	 2 
1341 	 1324.101074 	 0 
1342 	 1323.364868 	 1 
1343 	 1324.124023 	 0 
1344 	 1324.035400 	 0 
1345 	 1324.330688 	 0 
1346 	 1323.465454 	 1 
1347 	 1323.470215 	 1 
1348 	 1324.073242 	 0 
1349 	 1324.192383 	 0 
1350 	 1324.286865 	 0 
1351 	 1324.077148 	 0 
1352 	 1324.137939 	 0 
1353 	 1324.204712 	 0 
1354 	 1324.208984 	 0 
1355 	 1323.357056 	 1 
1356 	 1324.128418 	 0 
1357 	 1324.213501 	 0 
1358 	 1324.072388 	 0 
1359 	 1324.305054 	 0 
1360 	 1322.754517 	 2 
1361 	 1322.671387 	 2 
1362 	 1323.333862 	 1 
1363 	 1324.128662 	 0 
1364 	 1323.444580 	 1 
1365 	 1324.252197 	 0 
1366 	 1324.235718 	 0 
1367 	 1324.370483 	 0 
1368 	 1324.398560 	 0 
1369 	 1324.170654 	 0 
1370 	 1324.252441 	 0 
1371 	 1324.360107 	 0 
1372 	 1324.184326 	 0 
1373 	 1324.198120 	 0 
1374 	 1323.260376 	 1 
1375 	 1323.387939 	 1 
1376 	 1322.730713 	 2 
1377 	 1324.180908 	 0 
1378 	 1322.547607 	 2 
1379 	 1324.268311 	 0 
1380 	 1324.223755 	 0 
1381 	 1322.874756 	 2 
1382 	 1324.132568 	 0 
1383 	 1324.375488 	 0 
1384 	 1323.398438 	 1 
1385 	 1324.037964 	 0 
1386 	 1324.327271 	 0 
1387 	 1324.262695 	 0 
1388 	 1324.099976 	 0 
1389 	 1324.389038 	 0 
1390 	 1323.383667 	 1 
1391 	 1323.297607 	 1 
1392 	 1323.554077 	 1 
1393 	 1324.081421 	 0 
1394 	 1324.122437 	 0 
1395 	 1322.567383 	 2 
1396 	 1324.309204 	 0 
1397 	 1324.173462 	 0 
1398 	 1323.967773 	 0 
1399 	 1324.052124 	 0 
1400 	 1324.319092 	 0 
1401 	 1324.183105 	 0 
1402 	 1324.022583 	 0 
1403 	 1324.237671 	 0 
1404 	 1323.374634 	 1 
1405 	 1320.813599 	 4 
1406 	 1324.169067 	 0 
1407 	 1323.346558 	 1 
1408 	 1324.288940 	 0 
1409 	 1324.192871 	 0 
1410 	 1324.285400 	 0 
1411 	 1323.472290 	 1 
1412 	 1322.723877 	 2 
1413 	 1324.007080 	 0 
1414 	 1324.226074 	 0 
1415 	 1324.204224 	 0 
1416 	 1324.357178 	 0 
1417 	 1324.281128 	 0 
1418 	 1324.265381 	 0 
1419 	 1324.178467 	 0 
1420 	 1324.276733 	 0 
1421 	 1324.292969 	 0 
1422 	 1324.454468 	 0 
1423 	 1323.416260 	 1 
1424 	 1324.320801 	 0 
1425 	 1324.036743 	 0 
1426 	 1324.077759 	 0 
1427 	 1322.723633 	 2 
1428 	 1324.213867 	 0 
1429 	 1324.208618 	 0 
1430 	 1323.280273 	 1 
1431 	 1324.075317 	 0 
1432 	 1324.235107 	 0 
1433 	 1324.307739 	 0 
1434 	 1323.376831 	 1 
1435 	 1324.475586 	 0 
1436 	 1323.266602 	 1 
1437 	 1323.593872 	 1 
1438 	 1324.335815 	 0 
1439 	 1323.472778 	 1 
1440 	 1323.994751 	 0 
1441 	 1324.103516 	 0 
1442 	 1323.288940 	 1 
1443 	 1322.517334 	 2 
1444 	 1322.495850 	 2 
1445 	 1324.290527 	 0 
1446 	 1324.041260 	 0 
1447 	 1324.148071 	 0 
1448 	 1324.230103 	 0 
1449 	 1324.361450 	 0 
1450 	 1324.126831 	 0 
1451 	 1323.539917 	 1 
1452 	 1323.135986 	 1 
1453 	 1323.416016 	 1 
1454 	 1323.299683 	 1 
1455 	 1323.319458 	 1 
1456 	 1324.252563 	 0 
1457 	 1324.112549 	 0 
1458 	 1323.266113 	 1 
1459 	 1324.154541 	 0 
1460 	 1324.087280 	 0 
1461 	 1324.265137 	 0 
1462 	 1324.244141 	 0 
1463 	 1324.195068 	 0 
1464 	 1323.989990 	 0 
1465 	 1323.472412 	 1 
1466 	 1324.221191 	 0 
1467 	 1324.189453 	 0 
1468 	 1324.130493 	 0 
1469 	 1322.511353 	 2 
1470 	 1324.221558 	 0 
1471 	 1324.173340 	 0 
1472 	 1324.131348 	 0 
1473 	 1324.281128 	 0 
1474 	 1323.227783 	 1 
1475 	 1324.169189 	 0 
1476 	 1323.409180 	 1 
1477 	 1324.245850 	 0 
1478 	 1323.380859 	 1 
1479 	 1324.457764 	 0 
1480 	 1324.229980 	 0 
1481 	 1324.123413 	 0 
1482 	 1324.160034 	 0 
1483 	 1323.941650 	 0 
1484 	 1323.516357 	 1 
1485 	 1324.034668 	 0 
1486 	 1324.128418 	 0 
1487 	 1324.332275 	 0 
1488 	 1324.171509 	 0 
1489 	 1324.204956 	 0 
1490 	 1323.348633 	 1 
1491 	 1324.382690 	 0 
1492 	 1324.132446 	 0 
1493 	 1324.077026 	 0 
1494 	 1323.289551 	 1 
1495 	 1324.262329 	 0 
1496 	 1324.196533 	 0 
1497 	 1323.554199 	 1 
1498 	 1324.168457 	 0 
1499 	 1324.272827 	 0 
1500 	 1324.186035 	 0 
1501 	 1323.417847 	 1 
1502 	 1324.292725 	 0 
1503 	 1324.170288 	 0 
1504 	 1323.531860 	 1 
1505 	 1323.210327 	 1 
1506 	 1324.252197 	 0 
1507 	 1323.555054 	 1 
1508 	 1323.524048 	 1 
1509 	 1324.148926 	 0 
1510 	 1323.417358 	 1 
1511 	 1324.133789 	 0 
1512 	 1323.419312 	 1 
1513 	 1324.279297 	 0 
1514 	 1324.131714 	 0 
1515 	 1324.081665 	 0 
1516 	 1324.239258 	 0 
1517 	 1323.417603 	 1 
1518 	 1323.303467 	 1 
1519 	 1323.447632 	 1 
1520 	 1324.009766 	 0 
1521 	 1324.268188 	 0 
1522 	 1324.003540 	 0 
1523 	 1324.184937 	 0 
1524 	 1323.907104 	 0 
1525 	 1321.842163 	 3 
1526 	 1324.213745 	 0 
1527 	 1324.318237 	 0 
1528 	 1324.254517 	 0 
1529 	 1323.494751 	 1 
1530 	 1324.225952 	 0 
1531 	 1323.366455 	 1 
1532 	 1323.494019 	 1 
1533 	 1323.302368 	 1 
1534 	 1324.031372 	 0 
1535 	 1323.525269 	 1 
1536 	 1322.759155 	 2 
1537 	 1323.971680 	 0 
1538 	 1323.492065 	 1 
1539 	 1324.291626 	 0 
1540 	 1323.629150 	 1 
1541 	 1324.084106 	 0 
1542 	 1323.284302 	 1 
1543 	 1323.237915 	 1 
1544 	 1324.212402 	 0 
1545 	 1324.270752 	 0 
1546 	 1323.269775 	 1 
1547 	 1324.197510 	 0 
1548 	 1323.317383 	 1 
1549 	 1324.126831 	 0 
1550 	 1324.152222 	 0 
1551 	 1323.122070 	 1 
1552 	 1323.619141 	 1 
1553 	 1323.384155 	 1 
1554 	 1323.532471 	 1 
1555 	 1323.386108 	 1 
1556 	 1324.195801 	 0 
1557 	 1323.487793 	 1 
1558 	 1323.613770 	 1 
1559 	 1324.530884 	 0 
1560 	 1322.627930 	 2 
1561 	 1324.318848 	 0 
1562 	 1324.153931 	 0 
1563 	 1324.381714 	 0 
1564 	 1322.752686 	 2 
1565 	 1324.131470 	 0 
1566 	 1324.214722 	 0 
1567 	 1323.292847 	 1 
1568 	 1323.491089 	 1 
1569 	 1324.235718 	 0 
1570 	 1324.117920 	 0 
1571 	 1324.287354 	 0 
1572 	 1324.051758 	 0 
1573 	 1324.113403 	 0 
1574 	 1324.314087 	 0 
1575 	 1323.906128 	 0 
1576 	 1323.507324 	 1 
1577 	 1324.286743 	 0 
1578 	 1324.040283 	 0 
1579 	 1324.214844 	 0 
1580 	 1324.046997 	 0 
1581 	 1324.134766 	 0 
1582 	 1324.172607 	 0 
1583 	 1324.311401 	 0 
1584 	 1324.291138 	 0 
1585 	 1324.235596 	 0 
1586 	 1324.198975 	 0 
1587 	 1324.186279 	 0 
1588 	 1323.270264 	 1 
1589 	 1324.182373 	 0 
1590 	 1324.242920 	 0 
1591 	 1324.401855 	 0 
1592 	 1324.334839 	 0 
1593 	 1324.374023 	 0 
1594 	 1324.103027 	 0 
1595 	 1324.199341 	 0 
1596 	 1324.134399 	 0 
1597 	 1323.252686 	 1 
1598 	 1324.089722 	 0 
1599 	 1324.389404 	 0 
1600 	 1324.131348 	 0 
1601 	 1324.222778 	 0 
1602 	 1323.377319 	 1 
1603 	 1323.458984 	 1 
1604 	 1324.012451 	 0 
1605 	 1324.091919 	 0 
1606 	 1324.271729 	 0 
1607 	 1323.561157 	 1 
1608 	 1324.358643 	 0 
1609 	 1324.095825 	 0 
1610 	 1323.996704 	 0 
1611 	 1324.295898 	 0 
1612 	 1323.363281 	 1 
1613 	 1324.212769 	 0 
1614 	 1322.639526 	 2 
1615 	 1324.292236 	 0 
1616 	 1323.308228 	 1 
1617 	 1324.119751 	 0 
1618 	 1324.056152 	 0 
1619 	 1324.232300 	 0 
1620 	 1322.559326 	 2 
1621 	 1322.506958 	 2 
1622 	 1324.207031 	 0 
1623 	 1323.495728 	 1 
1624 	 1323.321411 	 1 
1625 	 1323.363281 	 1 
1626 	 1324.202026 	 0 
1627 	 1324.115967 	 0 
1628 	 1323.287231 	 1 
1629 	 1323.424927 	 1 
1630 	 1324.240723 	 0 
1631 	 1323.218994 	 1 
1632 	 1323.322510 	 1 
1633 	 1324.181152 	 0 
1634 	 1322.477295 	 2 
1635 	 1323.438354 	 1 
1636 	 1323.485718 	 1 
1637 	 1324.048096 	 0 
1638 	 1323.427979 	 1 
1639 	 1324.170898 	 0 
1640 	 1324.324951 	 0 
1641 	 1323.292236 	 1 
1642 	 1324.316772 	 0 
1643 	 1322.874268 	 2 
1644 	 1324.061401 	 0 
1645 	 1323.463501 	 1 
1646 	 1324.312012 	 0 
1647 	 1324.222778 	 0 
1648 	 1324.178589 	 0 
1649 	 1324.231079 	 0 
1650 	 1323.306763 	 1 
1651 	 1324.111328 	 0 
1652 	 1324.105103 	 0 
1653 	 1324.310059 	 0 
1654 	 1324.127441 	 0 
1655 	 1324.221680 	 0 
1656 	 1322.755737 	 2 
1657 	 1324.142456 	 0 
1658 	 1323.534058 	 1 
1659 	 1323.454712 	 1 
1660 	 1324.201172 	 0 
1661 	 1324.188354 	 0 
1662 	 1324.126465 	 0 
1663 	 1324.106323 	 0 
1664 	 1324.239990 	 0 
1665 	 1324.120972 	 0 
1666 	 1324.075439 	 0 
1667 	 1324.196899 	 0 
1668 	 1324.108032 	 0 
1669 	 1324.158081 	 0 
1670 	 1324.068970 	 0 
1671 	 1323.602173 	 1 
1672 	 1324.303223 	 0 
1673 	 1323.447876 	 1 
1674 	 1324.255371 	 0 
1675 	 1324.200562 	 0 
1676 	 1324.224731 	 0 
1677 	 1324.169067 	 0 
1678 	 1324.287476 	 0 
1679 	 1323.488037 	 1 
1680 	 1323.484741 	 1 
1681 	 1324.188599 	 0 
1682 	 1324.160034 	 0 
1683 	 1323.480347 	 1 
1684 	 1323.489136 	 1 
1685 	 1324.099976 	 0 
1686 	 1324.105469 	 0 
1687 	 1324.187500 	 0 
1688 	 1324.184570 	 0 
1689 	 1324.226196 	 0 
1690 	 1324.123657 	 0 
1691 	 1323.338989 	 1 
1692 	 1324.449951 	 0 
1693 	 1324.158081 	 0 
1694 	 1324.026855 	 0 
1695 	 1324.031372 	 0 
1696 	 1324.261108 	 0 
1697 	 1324.195557 	 0 
1698 	 1323.478516 	 1 
1699 	 1324.243530 	 0 
1700 	 1324.267456 	 0 
1701 	 1323.479980 	 1 
1702 	 1324.089355 	 0 
1703 	 1322.897339 	 2 
1704 	 1324.287231 	 0 
1705 	 1323.160889 	 1 
1706 	 1324.270874 	 0 
1707 	 1324.372803 	 0 
1708 	 1323.396729 	 1 
1709 	 1324.338379 	 0 
1710 	 1323.558716 	 1 
1711 	 1324.344849 	 0 
1712 	 1324.018433 	 0 
1713 	 1324.278320 	 0 
1714 	 1323.368042 	 1 
1715 	 1323.163818 	 1 
1716 	 1324.158569 	 0 
1717 	 1324.220581 	 0 
1718 	 1324.141602 	 0 
1719 	 1324.208374 	 0 
1720 	 1324.261108 	 0 
1721 	 1324.264160 	 0 
1722 	 1323.541992 	 1 
1723 	 1324.282837 	 0 
1724 	 1324.069824 	 0 
1725 	 1324.379150 	 0 
1726 	 1323.552490 	 1 
1727 	 1324.258301 	 0 
1728 	 1324.337524 	 0 
1729 	 1324.097046 	 0 
1730 	 1323.478882 	 1 
1731 	 1324.253662 	 0 
1732 	 1323.354614 	 1 
1733 	 1321.871948 	 3 
1734 	 1322.651489 	 2 
1735 	 1323.482056 	 1 
1736 	 1324.334229 	 0 
1737 	 1322.719238 	 2 
1738 	 1323.429565 	 1 
1739 	 1324.351685 	 0 
1740 	 1323.401367 	 1 
1741 	 1323.553955 	 1 
1742 	 1324.285767 	 0 
1743 	 1324.369141 	 0 
1744 	 1323.529907 	 1 
1745 	 1324.117920 	 0 
1746 	 1324.285400 	 0 
1747 	 1324.160522 	 0 
1748 	 1324.134155 	 0 
1749 	 1324.533203 	 0 
1750 	 1324.219849 	 0 
1751 	 1323.320312 	 1 
1752 	 1324.276855 	 0 
1753 	 1323.163818 	 1 
1754 	 1324.192139 	 0 
1755 	 1323.326660 	 1 
1756 	 1324.007690 	 0 
1757 	 1324.138184 	 0 
1758 	 1324.216187 	 0 
1759 	 1324.351440 	 0 
1760 	 1324.367920 	 0 
1761 	 1324.084595 	 0 
1762 	 1323.793945 	 1 
1763 	 1324.325806 	 0 
1764 	 1324.324585 	 0 
1765 	 1324.225830 	 0 
1766 	 1323.125244 	 1 
1767 	 1324.292236 	 0 
1768 	 1324.240723 	 0 
1769 	 1323.416992 	 1 
1770 	 1324.240234 	 0 
1771 	 1324.153076 	 0 
1772 	 1322.509277 	 2 
1773 	 1324.175781 	 0 
1774 	 1323.311523 	 1 
1775 	 1323.937500 	 0 
1776 	 1324.077393 	 0 
1777 	 1324.150146 	 0 
1778 	 1324.182495 	 0 
1779 	 1323.473755 	 1 
1780 	 1323.337524 	 1 
1781 	 1324.221802 	 0 
1782 	 1324.123047 	 0 
1783 	 1324.033081 	 0 
1784 	 1324.115479 	 0 
1785 	 1324.052368 	 0 
1786 	 1323.479004 	 1 
1787 	 1324.347534 	 0 
1788 	 1324.369995 	 0 
1789 	 1324.300171 	 0 
1790 	 1323.600830 	 1 
1791 	 1324.011475 	 0 
1792 	 1324.347778 	 0 
1793 	 1324.347046 	 0 
1794 	 1324.322876 	 0 
1795 	 1324.167969 	 0 
1796 	 1323.375366 	 1 
1797 	 1324.119019 	 0 
1798 	 1324.147705 	 0 
1799 	 1323.355469 	 1 
1800 	 1323.460693 	 1 
1801 	 1323.332764 	 1 
1802 	 1323.181030 	 1 
1803 	 1323.479736 	 1 
1804 	 1323.385742 	 1 
1805 	 1324.078979 	 0 
1806 	 1324.068970 	 0 
1807 	 1322.758545 	 2 
1808 	 1324.457275 	 0 
1809 	 1324.067383 	 0 
1810 	 1324.227905 	 0 
1811 	 1323.515747 	 1 
1812 	 1324.228394 	 0 
1813 	 1324.117310 	 0 
1814 	 1324.258667 	 0 
1815 	 1323.274414 	 1 
1816 	 1324.178589 	 0 
1817 	 1324.068604 	 0 
1818 	 1324.424683 	 0 
1819 	 1324.158691 	 0 
1820 	 1323.435059 	 1 
1821 	 1324.324097 	 0 
1822 	 1324.367310 	 0 
1823 	 1323.943237 	 0 
1824 	 1323.255981 	 1 
1825 	 1324.353516 	 0 
1826 	 1323.561523 	 1 
1827 	 1323.419556 	 1 
1828 	 1324.026733 	 0 
1829 	 1322.591919 	 2 
1830 	 1322.661621 	 2 
1831 	 1324.123657 	 0 
1832 	 1324.404663 	 0 
1833 	 1324.120850 	 0 
1834 	 1324.149658 	 0 
1835 	 1324.277832 	 0 
1836 	 1324.372925 	 0 
1837 	 1324.264526 	 0 
1838 	 1324.409668 	 0 
1839 	 1324.044678 	 0 
1840 	 1323.571289 	 1 
1841 	 1324.150024 	 0 
1842 	 1324.267090 	 0 
1843 	 1322.646362 	 2 
1844 	 1324.121948 	 0 
1845 	 1324.198853 	 0 
1846 	 1323.336304 	 1 
1847 	 1324.276367 	 0 
1848 	 1323.377686 	 1 
1849 	 1324.279663 	 0 
1850 	 1321.055054 	 4 
1851 	 1324.151611 	 0 
1852 	 1324.382568 	 0 
1853 	 1322.645996 	 2 
1854 	 1324.263672 	 0 
1855 	 1322.554443 	 2 
1856 	 1324.242676 	 0 
1857 	 1323.432617 	 1 
1858 	 1324.227783 	 0 
1859 	 1324.122437 	 0 
1860 	 1324.190918 	 0 
1861 	 1324.177124 	 0 
1862 	 1324.239746 	 0 
1863 	 1324.204346 	 0 
1864 	 1323.460205 	 1 
1865 	 1324.189209 	 0 
1866 	 1324.194702 	 0 
1867 	 1324.100830 	 0 
1868 	 1323.540527 	 1 
1869 	 1324.305664 	 0 
1870 	 1324.217651 	 0 
1871 	 1324.241577 	 0 
1872 	 1324.210083 	 0 
1873 	 1324.240356 	 0 
1874 	 1324.137695 	 0 
1875 	 1324.243774 	 0 
1876 	 1324.257812 	 0 
1877 	 1324.346558 	 0 
1878 	 1323.412476 	 1 
1879 	 1323.432617 	 1 
1880 	 1324.282104 	 0 
1881 	 1324.193726 	 0 
1882 	 1324.202637 	 0 
1883 	 1324.329712 	 0 
1884 	 1323.497925 	 1 
1885 	 1323.405762 	 1 
1886 	 1321.861450 	 3 
1887 	 1324.098022 	 0 
1888 	 1324.231934 	 0 
1889 	 1323.216309 	 1 
1890 	 1323.575073 	 1 
1891 	 1324.146362 	 0 
1892 	 1323.389038 	 1 
1893 	 1324.177368 	 0 
1894 	 1324.249878 	 0 
1895 	 1323.291016 	 1 
1896 	 1324.399780 	 0 
1897 	 1324.248657 	 0 
1898 	 1323.422607 	 1 
1899 	 1324.273438 	 0 
1900 	 1324.403198 	 0 
1901 	 1324.323853 	 0 
1902 	 1323.296875 	 1 
1903 	 1324.176636 	 0 
1904 	 1324.205566 	 0 
1905 	 1323.597046 	 1 
1906 	 1324.209717 	 0 
1907 	 1324.201660 	 0 
1908 	 1324.210938 	 0 
1909 	 1323.561157 	 1 
1910 	 1324.134399 	 0 
1911 	 1323.424683 	 1 
1912 	 1324.295288 	 0 
1913 	 1323.501953 	 1 
1914 	 1324.357300 	 0 
1915 	 1324.129395 	 0 
1916 	 1324.234253 	 0 
1917 	 1323.281738 	 1 
1918 	 1322.498657 	 2 
1919 	 1323.492310 	 1 
1920 	 1323.496094 	 1 
1921 	 1324.172241 	 0 
1922 	 1324.164551 	 0 
1923 	 1324.309692 	 0 
1924 	 1323.642212 	 1 
1925 	 1324.211426 	 0 
1926 	 1324.218994 	 0 
1927 	 1323.507446 	 1 
1928 	 1324.077515 	 0 
1929 	 1324.252319 	 0 
1930 	 1324.181396 	 0 
1931 	 1324.258667 	 0 
1932 	 1324.196045 	 0 
1933 	 1323.428223 	 1 
1934 	 1324.203369 	 0 
1935 	 1323.500488 	 1 
1936 	 1324.192627 	 0 
1937 	 1324.378296 	 0 
1938 	 1323.546997 	 1 
1939 	 1324.214233 	 0 
1940 	 1323.565796 	 1 
1941 	 1323.218262 	 1 
1942 	 1322.708740 	 2 
1943 	 1323.450684 	 1 
1944 	 1323.424316 	 1 
1945 	 1324.357910 	 0 
1946 	 1324.183228 	 0 
1947 	 1324.178711 	 0 
1948 	 1321.725464 	 3 
1949 	 1324.300171 	 0 
1950 	 1322.598267 	 2 
1951 	 1324.020508 	 0 
1952 	 1324.214966 	 0 
1953 	 1323.409912 	 1 
1954 	 1323.345581 	 1 
1955 	 1324.271362 	 0 
1956 	 1323.977661 	 0 
1957 	 1323.210815 	 1 
1958 	 1324.278320 	 0 
1959 	 1323.961914 	 0 
1960 	 1324.114624 	 0 
1961 	 1324.191895 	 0 
1962 	 1324.225830 	 0 
1963 	 1323.433594 	 1 
1964 	 1322.634155 	 2 
1965 	 1323.471680 	 1 
1966 	 1323.481812 	 1 
1967 	 1324.114990 	 0 
1968 	 1324.364380 	 0 
1969 	 1324.195435 	 0 
1970 	 1324.060791 	 0 
1971 	 1324.138672 	 0 
1972 	 1323.268433 	 1 
1973 	 1324.015869 	 0 
1974 	 1323.361206 	 1 
1975 	 1324.272339 	 0 
1976 	 1324.364624 	 0 
1977 	 1324.236938 	 0 
1978 	 1323.329712 	 1 
1979 	 1323.525146 	 1 
1980 	 1323.395508 	 1 
1981 	 1324.104492 	 0 
1982 	 1324.273560 	 0 
1983 	 1323.348267 	 1 
1984 	 1324.102783 	 0 
1985 	 1323.407715 	 1 
1986 	 1324.254272 	 0 
1987 	 1323.601807 	 1 
1988 	 1324.154785 	 0 
1989 	 1324.225220 	 0 
1990 	 1324.231934 	 0 
1991 	 1323.375854 	 1 
1992 	 1324.226318 	 0 
1993 	 1324.369751 	 0 
1994 	 1324.336914 	 0 
1995 	 1323.306396 	 1 
1996 	 1324.309448 	 0 
1997 	 1323.668457 	 1 
1998 	 1324.209473 	 0 
1999 	 1324.221313 	 0 
2000 	 1324.172485 	 0 
2001 	 1324.375732 	 0 
2002 	 1322.794434 	 2 
2003 	 1324.343872 	 0 
2004 	 1324.336060 	 0 
2005 	 1324.132202 	 0 
2006 	 1324.370972 	 0 
2007 	 1323.462769 	 1 
2008 	 1324.263428 	 0 
2009 	 1323.560547 	 1 
2010 	 1324.304688 	 0 
2011 	 1324.247559 	 0 
2012 	 1324.306274 	 0 
2013 	 1324.252930 	 0 
2014 	 1324.145142 	 0 
2015 	 1323.663696 	 1 
2016 	 1322.442383 	 2 
2017 	 1323.351929 	 1 
2018 	 1324.214844 	 0 
2019 	 1324.048462 	 0 
2020 	 1324.103027 	 0 
2021 	 1324.160889 	 0 
2022 	 1322.643433 	 2 
2023 	 1324.331055 	 0 
2024 	 1324.153320 	 0 
2025 	 1324.276001 	 0 
2026 	 1323.619263 	 1 
2027 	 1324.187866 	 0 
2028 	 1324.422729 	 0 
2029 	 1324.320435 	 0 
2030 	 1324.130371 	 0 
2031 	 1322.420532 	 2 
2032 	 1323.319336 	 1 
2033 	 1323.514648 	 1 
2034 	 1324.290527 	 0 
2035 	 1324.353516 	 0 
2036 	 1324.129150 	 0 
2037 	 1324.046753 	 0 
2038 	 1324.175903 	 0 
2039 	 1323.421509 	 1 
2040 	 1323.990356 	 0 
2041 	 1324.260254 	 0 
2042 	 1324.015503 	 0 
2043 	 1324.158203 	 0 
2044 	 1324.261841 	 0 
2045 	 1324.068604 	 0 
2046 	 1323.390381 	 1 
2047 	 1323.239014 	 1 
2048 	 1324.425293 	 0 
2049 	 1324.156616 	 0 
2050 	 1324.445801 	 0 
2051 	 1324.212769 	 0 
2052 	 1324.186279 	 0 
2053 	 1324.330322 	 0 
2054 	 1324.371704 	 0 
2055 	 1323.309326 	 1 
2056 	 1323.423218 	 1 
2057 	 1322.762695 	 2 
2058 	 1324.244751 	 0 
2059 	 1322.559326 	 2 
2060 	 1324.171509 	 0 
2061 	 1323.281494 	 1 
2062 	 1321.893799 	 3 
2063 	 1324.079590 	 0 
2064 	 1324.162476 	 0 
2065 	 1324.299072 	 0 
2066 	 1324.141479 	 0 
2067 	 1323.363037 	 1 
2068 	 1324.008423 	 0 
2069 	 1324.191040 	 0 
2070 	 1324.127197 	 0 
2071 	 1324.218994 	 0 
2072 	 1324.349365 	 0 
2073 	 1324.269287 	 0 
2074 	 1324.359619 	 0 
2075 	 1323.397583 	 1 
2076 	 1323.452637 	 1 
2077 	 1324.091309 	 0 
2078 	 1324.115601 	 0 
2079 	 1324.148682 	 0 
2080 	 1323.547363 	 1 
2081 	 1324.263428 	 0 
2082 	 1324.253418 	 0 
2083 	 1324.056152 	 0 
2084 	 1324.077759 	 0 
2085 	 1323.460693 	 1 
2086 	 1324.275513 	 0 
2087 	 1323.436035 	 1 
2088 	 1324.283813 	 0 
2089 	 1324.194458 	 0 
2090 	 1323.333130 	 1 
2091 	 1324.455566 	 0 
2092 	 1323.448120 	 1 
2093 	 1324.080566 	 0 
2094 	 1323.398804 	 1 
2095 	 1323.481323 	 1 
2096 	 1323.348999 	 1 
2097 	 1324.261108 	 0 
2098 	 1324.106689 	 0 
2099 	 1323.520142 	 1 
2100 	 1324.042603 	 0 
2101 	 1324.149902 	 0 
2102 	 1324.286133 	 0 
2103 	 1324.397949 	 0 
2104 	 1324.270020 	 0 
2105 	 1324.321655 	 0 
2106 	 1324.112549 	 0 
2107 	 1324.124268 	 0 
2108 	 1323.628052 	 1 
2109 	 1324.011963 	 0 
2110 	 1324.282959 	 0 
2111 	 1323.386230 	 1 
2112 	 1324.117065 	 0 
2113 	 1324.220337 	 0 
2114 	 1324.131470 	 0 
2115 	 1323.407227 	 1 
2116 	 1324.213013 	 0 
2117 	 1324.196167 	 0 
2118 	 1323.403564 	 1 
2119 	 1322.710693 	 2 
2120 	 1324.363281 	 0 
2121 	 1323.478271 	 1 
2122 	 1324.288330 	 0 
2123 	 1323.987427 	 0 
2124 	 1324.213745 	 0 
2125 	 1324.128174 	 0 
2126 	 1321.859985 	 3 
2127 	 1324.213135 	 0 
2128 	 1324.130371 	 0 
2129 	 1324.238525 	 0 
2130 	 1324.025269 	 0 
2131 	 1324.211670 	 0 
2132 	 1324.423096 	 0 
2133 	 1323.380249 	 1 
2134 	 1323.420898 	 1 
2135 	 1322.490356 	 2 
2136 	 1323.415527 	 1 
2137 	 1324.061279 	 0 
2138 	 1324.354126 	 0 
2139 	 1324.228271 	 0 
2140 	 1324.249268 	 0 
2141 	 1323.518921 	 1 
2142 	 1323.141724 	 1 
2143 	 1323.518799 	 1 
2144 	 1324.205688 	 0 
2145 	 1324.232666 	 0 
2146 	 1323.529053 	 1 
2147 	 1324.209839 	 0 
2148 	 1324.051025 	 0 
2149 	 1323.556396 	 1 
2150 	 1320.785400 	 4 
2151 	 1324.291504 	 0 
2152 	 1324.298950 	 0 
2153 	 1323.387939 	 1 
2154 	 1324.099121 	 0 
2155 	 1323.467773 	 1 
2156 	 1324.179321 	 0 
2157 	 1323.375244 	 1 
2158 	 1324.164307 	 0 
2159 	 1322.881470 	 2 
2160 	 1323.219482 	 1 
2161 	 1324.238159 	 0 
2162 	 1324.142212 	 0 
2163 	 1324.241089 	 0 
2164 	 1324.339111 	 0 
2165 	 1323.465820 	 1 
2166 	 1324.253906 	 0 
2167 	 1324.213257 	 0 
2168 	 1323.369263 	 1 
2169 	 1324.197144 	 0 
2170 	 1324.046265 	 0 
2171 	 1324.332764 	 0 
2172 	 1324.331299 	 0 
2173 	 1324.165894 	 0 
2174 	 1324.345947 	 0 
2175 	 1322.596313 	 2 
2176 	 1324.362793 	 0 
2177 	 1324.252808 	 0 
2178 	 1323.220581 	 1 
2179 	 1324.199585 	 0 
2180 	 1323.384644 	 1 
2181 	 1324.111450 	 0 
2182 	 1323.367310 	 1 
2183 	 1324.037598 	 0 
2184 	 1323.389282 	 1 
2185 	 1324.128418 	 0 
2186 	 1324.260254 	 0 
2187 	 1324.166504 	 0 
2188 	 1324.041870 	 0 
2189 	 1323.406738 	 1 
2190 	 1324.052734 	 0 
2191 	 1324.264160 	 0 
2192 	 1324.219727 	 0 
2193 	 1324.104980 	 0 
2194 	 1324.227173 	 0 
2195 	 1323.710449 	 1 
2196 	 1323.821655 	 0 
2197 	 1324.158691 	 0 
2198 	 1323.530762 	 1 
2199 	 1323.409058 	 1 
2200 	 1324.359375 	 0 
2201 	 1324.126465 	 0 
2202 	 1324.227417 	 0 
2203 	 1324.451782 	 0 
2204 	 1323.506226 	 1 
2205 	 1324.138184 	 0 
2206 	 1324.212036 	 0 
2207 	 1323.497925 	 1 
2208 	 1324.179077 	 0 
2209 	 1323.329590 	 1 
2210 	 1324.046631 	 0 
2211 	 1323.437866 	 1 
2212 	 1324.267456 	 0 
2213 	 1324.255859 	 0 
2214 	 1322.768677 	 2 
2215 	 1322.691284 	 2 
2216 	 1324.278809 	 0 
2217 	 1324.005127 	 0 
2218 	 1324.223267 	 0 
2219 	 1324.375977 	 0 
2220 	 1324.168091 	 0 
2221 	 1324.174316 	 0 
2222 	 1324.357544 	 0 
2223 	 1323.298828 	 1 
2224 	 1323.311646 	 1 
2225 	 1323.463867 	 1 
2226 	 1324.360474 	 0 
2227 	 1324.057129 	 0 
2228 	 1324.254883 	 0 
2229 	 1322.591797 	 2 
2230 	 1324.196411 	 0 
2231 	 1323.364624 	 1 
2232 	 1324.100586 	 0 
2233 	 1324.381714 	 0 
2234 	 1323.547974 	 1 
2235 	 1324.123657 	 0 
2236 	 1324.163208 	 0 
2237 	 1324.198608 	 0 
2238 	 1322.573730 	 2 
2239 	 1324.160767 	 0 
2240 	 1323.391602 	 1 
2241 	 1323.377930 	 1 
2242 	 1324.288696 	 0 
2243 	 1323.585938 	 1 
2244 	 1324.093140 	 0 
2245 	 1321.895996 	 3 
2246 	 1324.205200 	 0 
2247 	 1324.359375 	 0 
2248 	 1324.311646 	 0 
2249 	 1324.319458 	 0 
2250 	 1324.163818 	 0 
2251 	 1324.320557 	 0 
2252 	 1323.376709 	 1 
2253 	 1324.196899 	 0 
2254 	 1322.598633 	 2 
2255 	 1324.232666 	 0 
2256 	 1324.160645 	 0 
2257 	 1324.307861 	 0 
2258 	 1324.266602 	 0 
2259 	 1324.194702 	 0 
2260 	 1324.335205 	 0 
2261 	 1324.321045 	 0 
2262 	 1323.420288 	 1 
2263 	 1323.463257 	 1 
2264 	 1324.260620 	 0 
2265 	 1324.044067 	 0 
2266 	 1324.142578 	 0 
2267 	 1324.112915 	 0 
2268 	 1324.074341 	 0 
2269 	 1323.438599 	 1 
2270 	 1324.170044 	 0 
2271 	 1324.148926 	 0 
2272 	 1323.486328 	 1 
2273 	 1323.405762 	 1 
2274 	 1324.322754 	 0 
2275 	 1324.324341 	 0 
2276 	 1323.592041 	 1 
2277 	 1324.207642 	 0 
2278 	 1323.223999 	 1 
2279 	 1324.249146 	 0 
2280 	 1322.651733 	 2 
2281 	 1323.465820 	 1 
2282 	 1324.217896 	 0 
2283 	 1323.362305 	 1 
2284 	 1324.206787 	 0 
2285 	 1324.082031 	 0 
2286 	 1324.303467 	 0 
2287 	 1324.159302 	 0 
2288 	 1323.511230 	 1 
2289 	 1322.439697 	 2 
2290 	 1324.307983 	 0 
2291 	 1323.396240 	 1 
2292 	 1324.260742 	 0 
2293 	 1324.140259 	 0 
2294 	 1323.992310 	 0 
2295 	 1324.283569 	 0 
2296 	 1323.336060 	 1 
2297 	 1323.547607 	 1 
2298 	 1324.345581 	 0 
2299 	 1324.189453 	 0 
2300 	 1323.983276 	 0 
2301 	 1323.455566 	 1 
2302 	 1324.613037 	 0 
2303 	 1324.089722 	 0 
2304 	 1324.139771 	 0 
2305 	 1324.221436 	 0 
2306 	 1323.991211 	 0 
2307 	 1324.237305 	 0 
2308 	 1322.521240 	 2 
2309 	 1324.085693 	 0 
2310 	 1323.466187 	 1 
2311 	 1324.213623 	 0 
2312 	 1322.714966 	 2 
2313 	 1322.622314 	 2 
2314 	 1324.244141 	 0 
2315 	 1323.392090 	 1 
2316 	 1323.465332 	 1 
2317 	 1324.078491 	 0 
2318 	 1324.178711 	 0 
2319 	 1323.437988 	 1 
2320 	 1324.270386 	 0 
2321 	 1323.400513 	 1 
2322 	 1324.082153 	 0 
2323 	 1323.309814 	 1 
2324 	 1323.616333 	 1 
2325 	 1323.429077 	 1 
2326 	 1324.174316 	 0 
2327 	 1324.045288 	 0 
2328 	 1322.488037 	 2 
2329 	 1323.372314 	 1 
2330 	 1323.258179 	 1 
2331 	 1324.237061 	 0 
2332 	 1324.108887 	 0 
2333 	 1324.099487 	 0 
2334 	 1324.263794 	 0 
2335 	 1324.230591 	 0 
2336 	 1324.156006 	 0 
2337 	 1323.388916 	 1 
2338 	 1323.527832 	 1 
2339 	 1323.342041 	 1 
2340 	 1323.351929 	 1 
2341 	 1324.211792 	 0 
2342 	 1323.293091 	 1 
2343 	 1324.126343 	 0 
2344 	 1324.293945 	 0 
2345 	 1323.305542 	 1 
2346 	 1324.270020 	 0 
2347 	 1323.451660 	 1 
2348 	 1324.159668 	 0 
2349 	 1323.203125 	 1 
2350 	 1324.398438 	 0 
2351 	 1323.382690 	 1 
2352 	 1323.407104 	 1 
2353 	 1324.093018 	 0 
2354 	 1323.295898 	 1 
2355 	 1324.112061 	 0 
2356 	 1324.283691 	 0 
2357 	 1324.105347 	 0 
2358 	 1324.081665 	 0 
2359 	 1323.568481 	 1 
2360 	 1324.157349 	 0 
2361 	 1324.206299 	 0 
2362 	 1324.183716 	 0 
2363 	 1324.399658 	 0 
2364 	 1324.182617 	 0 
2365 	 1323.384644 	 1 
2366 	 1324.160034 	 0 
2367 	 1324.429932 	 0 
2368 	 1324.110352 	 0 
2369 	 1324.144409 	 0 
2370 	 1324.219360 	 0 
2371 	 1323.512451 	 1 
2372 	 1324.049194 	 0 
2373 	 1323.435791 	 1 
2374 	 1324.128662 	 0 
2375 	 1324.194336 	 0 
2376 	 1323.476196 	 1 
2377 	 1324.128784 	 0 
2378 	 1324.134888 	 0 
2379 	 1324.051758 	 0 
2380 	 1324.389038 	 0 
2381 	 1323.325439 	 1 
2382 	 1323.426636 	 1 
2383 	 1322.690430 	 2 
2384 	 1324.228760 	 0 
2385 	 1324.335938 	 0 
2386 	 1324.325073 	 0 
2387 	 1324.152954 	 0 
2388 	 1324.130005 	 0 
2389 	 1322.869629 	 2 
2390 	 1324.281860 	 0 
2391 	 1323.513794 	 1 
2392 	 1323.226929 	 1 
2393 	 1323.523438 	 1 
2394 	 1324.310059 	 0 
2395 	 1324.228271 	 0 
2396 	 1324.262329 	 0 
2397 	 1324.291870 	 0 
2398 	 1324.186401 	 0 
2399 	 1324.106812 	 0 
