#Nombre d'essais = 10000000, 
#Poids de l'erreur = 84, 
#Taille d'un bloc = 4801, 
#Poids de h = 45,
#se = 140000000,
#sH = 150000000. 
0 	 0.000000 	 1 
1 	 0.000000 	 1 
2 	 0.000000 	 1 
3 	 0.000000 	 1 
4 	 0.000000 	 1 
5 	 0.000000 	 1 
6 	 0.000000 	 1 
7 	 0.000000 	 1 
8 	 0.000000 	 1 
9 	 0.000000 	 1 
10 	 0.000000 	 1 
11 	 0.000000 	 1 
12 	 0.000000 	 1 
13 	 0.000000 	 1 
14 	 0.000000 	 1 
15 	 0.000000 	 1 
16 	 0.000000 	 1 
17 	 0.000000 	 1 
18 	 0.000000 	 1 
19 	 0.000000 	 1 
20 	 0.000000 	 1 
21 	 0.000000 	 1 
22 	 0.000000 	 1 
23 	 0.000000 	 1 
24 	 0.000000 	 1 
25 	 0.000000 	 1 
26 	 0.000000 	 1 
27 	 0.000000 	 1 
28 	 0.000000 	 1 
29 	 0.000000 	 1 
30 	 0.000000 	 1 
31 	 0.000000 	 1 
32 	 0.000000 	 1 
33 	 0.000000 	 1 
34 	 0.000000 	 1 
35 	 0.000000 	 1 
36 	 0.000000 	 1 
37 	 0.000000 	 1 
38 	 0.000000 	 1 
39 	 0.000000 	 1 
40 	 0.000000 	 1 
41 	 0.000000 	 1 
42 	 0.000000 	 1 
43 	 0.000000 	 1 
44 	 0.000000 	 1 
45 	 0.000000 	 1 
46 	 0.000000 	 1 
47 	 0.000000 	 1 
48 	 0.000000 	 1 
49 	 0.000000 	 1 
50 	 0.000000 	 1 
51 	 0.000000 	 1 
52 	 0.000000 	 1 
53 	 0.000000 	 1 
54 	 0.000000 	 1 
55 	 0.000000 	 1 
56 	 3.000000 	 2 
57 	 3.000000 	 1 
58 	 3.000000 	 1 
59 	 0.000000 	 1 
60 	 3.000000 	 1 
61 	 3.000000 	 1 
62 	 3.000000 	 3 
63 	 3.000000 	 1 
64 	 3.000000 	 3 
65 	 3.000000 	 4 
66 	 0.000000 	 1 
67 	 3.333333 	 3 
68 	 3.000000 	 2 
69 	 3.000000 	 9 
70 	 3.000000 	 5 
71 	 3.142857 	 7 
72 	 3.000000 	 8 
73 	 3.000000 	 4 
74 	 3.000000 	 9 
75 	 3.000000 	 10 
76 	 3.000000 	 12 
77 	 3.000000 	 13 
78 	 3.000000 	 15 
79 	 3.045455 	 22 
80 	 3.050000 	 20 
81 	 3.085714 	 35 
82 	 3.029412 	 34 
83 	 3.031250 	 32 
84 	 3.027778 	 36 
85 	 3.166667 	 36 
86 	 3.063830 	 47 
87 	 3.043478 	 46 
88 	 3.080000 	 50 
89 	 3.071429 	 56 
90 	 3.065789 	 76 
91 	 3.095238 	 84 
92 	 3.067568 	 74 
93 	 3.066667 	 105 
94 	 3.051724 	 116 
95 	 3.077519 	 129 
96 	 3.046875 	 128 
97 	 3.028571 	 175 
98 	 3.048913 	 184 
99 	 3.067708 	 192 
100 	 3.048458 	 227 
101 	 3.062222 	 225 
102 	 3.034364 	 291 
103 	 3.057239 	 297 
104 	 3.031977 	 344 
105 	 3.030726 	 358 
106 	 3.024658 	 365 
107 	 3.064665 	 433 
108 	 3.046563 	 451 
109 	 3.041916 	 501 
110 	 3.056180 	 534 
111 	 3.048062 	 645 
112 	 3.057751 	 658 
113 	 3.052632 	 722 
114 	 3.050066 	 759 
115 	 3.048721 	 821 
116 	 3.040217 	 920 
117 	 3.051546 	 970 
118 	 3.051758 	 1024 
119 	 3.040529 	 1209 
120 	 3.047138 	 1188 
121 	 3.051190 	 1387 
122 	 3.045183 	 1505 
123 	 3.053986 	 1593 
124 	 3.051099 	 1683 
125 	 3.048491 	 1856 
126 	 3.056952 	 1949 
127 	 3.051862 	 2121 
128 	 3.055755 	 2224 
129 	 3.050638 	 2350 
130 	 3.053462 	 2600 
131 	 3.049272 	 2679 
132 	 3.049849 	 2989 
133 	 3.047853 	 3260 
134 	 3.049910 	 3326 
135 	 3.046440 	 3553 
136 	 3.050723 	 3805 
137 	 3.052606 	 4182 
138 	 3.049301 	 4219 
139 	 3.049509 	 4585 
140 	 3.049163 	 4841 
141 	 3.051700 	 5087 
142 	 3.045143 	 5538 
143 	 3.050822 	 5962 
144 	 3.050543 	 6173 
145 	 3.049674 	 6442 
146 	 3.047682 	 6837 
147 	 3.047414 	 7213 
148 	 3.049947 	 7588 
149 	 3.046970 	 8069 
150 	 3.047036 	 8334 
151 	 3.050220 	 9100 
152 	 3.048299 	 9317 
153 	 3.052147 	 9991 
154 	 3.050183 	 10362 
155 	 3.047963 	 10925 
156 	 3.048732 	 11594 
157 	 3.045934 	 12126 
158 	 3.048327 	 12643 
159 	 3.047814 	 13197 
160 	 3.048661 	 13851 
161 	 3.048875 	 14404 
162 	 3.044704 	 15010 
163 	 3.048758 	 15977 
164 	 3.046790 	 16713 
165 	 3.047734 	 17325 
166 	 3.046248 	 17817 
167 	 3.049037 	 18537 
168 	 3.044790 	 19357 
169 	 3.048811 	 20303 
170 	 3.047644 	 21115 
171 	 3.048530 	 21904 
172 	 3.049543 	 22869 
173 	 3.047591 	 23765 
174 	 3.047945 	 24424 
175 	 3.048641 	 25431 
176 	 3.047563 	 26260 
177 	 3.049482 	 27121 
178 	 3.047890 	 28336 
179 	 3.047738 	 29306 
180 	 3.047188 	 30283 
181 	 3.046388 	 30978 
182 	 3.048342 	 31877 
183 	 3.047289 	 33496 
184 	 3.047451 	 34583 
185 	 3.047895 	 35515 
186 	 3.046163 	 36111 
187 	 3.046702 	 37236 
188 	 3.047676 	 38279 
189 	 3.046340 	 39404 
190 	 3.045829 	 40760 
191 	 3.046551 	 41804 
192 	 3.045887 	 43237 
193 	 3.046650 	 43880 
194 	 3.047066 	 44979 
195 	 3.046397 	 46512 
196 	 3.047502 	 47766 
197 	 3.047915 	 48753 
198 	 3.046824 	 50081 
199 	 3.046797 	 51157 
200 	 3.045878 	 51746 
201 	 3.047803 	 53469 
202 	 3.045063 	 54257 
203 	 3.047289 	 55362 
204 	 3.045532 	 56356 
205 	 3.045558 	 57465 
206 	 3.046159 	 58494 
207 	 3.045160 	 59854 
208 	 3.045849 	 60721 
209 	 3.045056 	 61767 
210 	 3.046256 	 62889 
211 	 3.046772 	 64248 
212 	 3.046838 	 65332 
213 	 3.046213 	 66107 
214 	 3.045398 	 67227 
215 	 3.046618 	 68214 
216 	 3.046809 	 69110 
217 	 3.046429 	 69999 
218 	 3.044694 	 70859 
219 	 3.046950 	 71480 
220 	 3.045238 	 72328 
221 	 3.045098 	 74083 
222 	 3.045950 	 74342 
223 	 3.046607 	 75032 
224 	 3.046378 	 76070 
225 	 3.045786 	 77119 
226 	 3.043680 	 77061 
227 	 3.045754 	 77611 
228 	 3.045111 	 78318 
229 	 3.046514 	 79051 
230 	 3.046571 	 80179 
231 	 3.045350 	 80353 
232 	 3.045124 	 81220 
233 	 3.046114 	 81342 
234 	 3.044080 	 81625 
235 	 3.044865 	 82002 
236 	 3.044430 	 82534 
237 	 3.045361 	 83353 
238 	 3.044927 	 83023 
239 	 3.045059 	 83136 
240 	 3.044891 	 83937 
241 	 3.044825 	 84461 
242 	 3.044941 	 84510 
243 	 3.046075 	 84167 
244 	 3.046915 	 84408 
245 	 3.044603 	 84702 
246 	 3.044626 	 84839 
247 	 3.043746 	 84351 
248 	 3.045354 	 84205 
249 	 3.044688 	 84072 
250 	 3.044665 	 84495 
251 	 3.045824 	 83842 
252 	 3.043722 	 84306 
253 	 3.044390 	 84163 
254 	 3.045699 	 83744 
255 	 3.044118 	 82846 
256 	 3.043927 	 82933 
257 	 3.044128 	 82148 
258 	 3.044048 	 81660 
259 	 3.043925 	 81593 
260 	 3.045142 	 81697 
261 	 3.043986 	 80435 
262 	 3.045158 	 80052 
263 	 3.045242 	 79682 
264 	 3.043716 	 78759 
265 	 3.044133 	 78127 
266 	 3.043194 	 77951 
267 	 3.044978 	 77505 
268 	 3.044561 	 76502 
269 	 3.044152 	 75761 
270 	 3.044245 	 74426 
271 	 3.044983 	 73916 
272 	 3.044749 	 72896 
273 	 3.044320 	 72427 
274 	 3.043917 	 71316 
275 	 3.043257 	 70856 
276 	 3.043619 	 69443 
277 	 3.043148 	 68531 
278 	 3.042920 	 67847 
279 	 3.043984 	 67206 
280 	 3.043286 	 66141 
281 	 3.043516 	 65056 
282 	 3.044183 	 63826 
283 	 3.043979 	 62666 
284 	 3.043520 	 62018 
285 	 3.044393 	 60595 
286 	 3.044607 	 60484 
287 	 3.044348 	 59168 
288 	 3.041516 	 58195 
289 	 3.044747 	 57144 
290 	 3.043985 	 56065 
291 	 3.043733 	 55038 
292 	 3.042332 	 53860 
293 	 3.042598 	 53289 
294 	 3.044009 	 51785 
295 	 3.042105 	 50469 
296 	 3.042345 	 49664 
297 	 3.042953 	 48797 
298 	 3.043193 	 47693 
299 	 3.042572 	 46815 
300 	 3.043838 	 45737 
301 	 3.042572 	 44278 
302 	 3.043102 	 43687 
303 	 3.043037 	 42545 
304 	 3.041982 	 41423 
305 	 3.041848 	 40289 
306 	 3.041752 	 39639 
307 	 3.042982 	 38458 
308 	 3.041052 	 37903 
309 	 3.042384 	 36570 
310 	 3.043136 	 35655 
311 	 3.044615 	 34742 
312 	 3.042195 	 33772 
313 	 3.043828 	 32901 
314 	 3.044132 	 31859 
315 	 3.041066 	 31145 
316 	 3.042504 	 30021 
317 	 3.042289 	 28991 
318 	 3.042952 	 28311 
319 	 3.042919 	 27424 
320 	 3.042544 	 26608 
321 	 3.041891 	 25948 
322 	 3.042337 	 24872 
323 	 3.041271 	 24351 
324 	 3.043075 	 23749 
325 	 3.042956 	 22814 
326 	 3.041818 	 21976 
327 	 3.042447 	 21462 
328 	 3.040450 	 20618 
329 	 3.041704 	 19854 
330 	 3.040938 	 19566 
331 	 3.039805 	 18666 
332 	 3.039095 	 17982 
333 	 3.041905 	 17301 
334 	 3.040620 	 16568 
335 	 3.039168 	 15957 
336 	 3.042616 	 15534 
337 	 3.042309 	 14796 
338 	 3.041061 	 14442 
339 	 3.043262 	 13869 
340 	 3.043995 	 13388 
341 	 3.042473 	 12761 
342 	 3.040539 	 12383 
343 	 3.039604 	 11514 
344 	 3.040818 	 11294 
345 	 3.037804 	 10766 
346 	 3.038961 	 10472 
347 	 3.042101 	 9786 
348 	 3.038191 	 9662 
349 	 3.040333 	 9124 
350 	 3.044851 	 8963 
351 	 3.040194 	 8459 
352 	 3.039878 	 7899 
353 	 3.041868 	 7643 
354 	 3.041900 	 7327 
355 	 3.040758 	 7017 
356 	 3.040559 	 6731 
357 	 3.038414 	 6534 
358 	 3.043140 	 6305 
359 	 3.042973 	 5934 
360 	 3.041456 	 5548 
361 	 3.038325 	 5349 
362 	 3.039115 	 5062 
363 	 3.042735 	 4797 
364 	 3.040578 	 4633 
365 	 3.040045 	 4470 
366 	 3.039326 	 4094 
367 	 3.040464 	 4053 
368 	 3.036316 	 3800 
369 	 3.040889 	 3644 
370 	 3.035230 	 3463 
371 	 3.044330 	 3113 
372 	 3.031887 	 3042 
373 	 3.041017 	 2950 
374 	 3.037871 	 2799 
375 	 3.043198 	 2639 
376 	 3.031441 	 2449 
377 	 3.041595 	 2332 
378 	 3.040621 	 2191 
379 	 3.038372 	 2137 
380 	 3.035079 	 2081 
381 	 3.039892 	 1855 
382 	 3.035948 	 1836 
383 	 3.035844 	 1646 
384 	 3.039714 	 1536 
385 	 3.036437 	 1482 
386 	 3.036068 	 1414 
387 	 3.031508 	 1333 
388 	 3.047030 	 1212 
389 	 3.035188 	 1222 
390 	 3.031511 	 1079 
391 	 3.031191 	 1058 
392 	 3.045599 	 943 
393 	 3.045891 	 937 
394 	 3.043062 	 836 
395 	 3.029630 	 810 
396 	 3.026961 	 816 
397 	 3.034014 	 735 
398 	 3.035276 	 652 
399 	 3.035928 	 668 
400 	 3.030142 	 564 
401 	 3.047957 	 563 
402 	 3.045361 	 485 
403 	 3.047325 	 486 
404 	 3.024943 	 441 
405 	 3.066015 	 409 
406 	 3.043597 	 367 
407 	 3.038462 	 390 
408 	 3.021918 	 365 
409 	 3.032051 	 312 
410 	 3.044610 	 269 
411 	 3.020833 	 288 
412 	 3.037313 	 268 
413 	 3.046809 	 235 
414 	 3.048583 	 247 
415 	 3.019231 	 208 
416 	 3.038674 	 181 
417 	 3.029240 	 171 
418 	 3.018182 	 165 
419 	 3.016807 	 119 
420 	 3.068027 	 147 
421 	 3.061069 	 131 
422 	 3.071429 	 112 
423 	 3.040984 	 122 
424 	 3.025862 	 116 
425 	 3.042105 	 95 
426 	 3.044444 	 90 
427 	 3.013889 	 72 
428 	 3.047619 	 84 
429 	 3.082192 	 73 
430 	 3.046154 	 65 
431 	 3.056604 	 53 
432 	 3.040000 	 50 
433 	 3.023256 	 43 
434 	 3.057692 	 52 
435 	 3.027027 	 37 
436 	 3.037037 	 54 
437 	 3.000000 	 38 
438 	 3.100000 	 40 
439 	 3.000000 	 35 
440 	 3.076923 	 26 
441 	 3.043478 	 23 
442 	 3.000000 	 22 
443 	 3.050000 	 20 
444 	 3.071429 	 28 
445 	 3.000000 	 17 
446 	 3.000000 	 21 
447 	 3.100000 	 20 
448 	 3.000000 	 19 
449 	 3.000000 	 15 
450 	 3.000000 	 9 
451 	 3.000000 	 7 
452 	 3.083333 	 12 
453 	 3.000000 	 6 
454 	 3.000000 	 11 
455 	 3.000000 	 4 
456 	 3.000000 	 6 
457 	 3.000000 	 4 
458 	 3.000000 	 4 
459 	 3.000000 	 2 
460 	 3.200000 	 5 
461 	 3.000000 	 4 
462 	 3.000000 	 2 
463 	 3.000000 	 2 
464 	 3.000000 	 4 
465 	 3.000000 	 2 
466 	 3.000000 	 1 
467 	 3.000000 	 3 
468 	 3.000000 	 3 
469 	 0.000000 	 1 
470 	 3.000000 	 3 
471 	 3.000000 	 1 
472 	 0.000000 	 1 
473 	 3.000000 	 1 
474 	 0.000000 	 1 
475 	 3.000000 	 2 
476 	 0.000000 	 1 
477 	 3.000000 	 1 
478 	 0.000000 	 1 
479 	 3.000000 	 1 
480 	 3.000000 	 1 
481 	 3.000000 	 2 
482 	 0.000000 	 1 
483 	 0.000000 	 1 
484 	 0.000000 	 1 
485 	 0.000000 	 1 
486 	 3.000000 	 3 
487 	 3.000000 	 1 
488 	 0.000000 	 1 
489 	 0.000000 	 1 
490 	 0.000000 	 1 
491 	 0.000000 	 1 
492 	 0.000000 	 1 
493 	 0.000000 	 1 
494 	 0.000000 	 1 
495 	 0.000000 	 1 
496 	 0.000000 	 1 
497 	 0.000000 	 1 
498 	 0.000000 	 1 
499 	 0.000000 	 1 
500 	 0.000000 	 1 
501 	 0.000000 	 1 
502 	 0.000000 	 1 
503 	 3.000000 	 1 
504 	 0.000000 	 1 
505 	 0.000000 	 1 
506 	 3.000000 	 1 
507 	 0.000000 	 1 
508 	 0.000000 	 1 
509 	 0.000000 	 1 
510 	 0.000000 	 1 
511 	 0.000000 	 1 
512 	 0.000000 	 1 
513 	 0.000000 	 1 
514 	 0.000000 	 1 
515 	 0.000000 	 1 
516 	 0.000000 	 1 
517 	 0.000000 	 1 
518 	 0.000000 	 1 
519 	 0.000000 	 1 
520 	 0.000000 	 1 
521 	 0.000000 	 1 
522 	 0.000000 	 1 
523 	 0.000000 	 1 
524 	 0.000000 	 1 
525 	 0.000000 	 1 
526 	 0.000000 	 1 
527 	 0.000000 	 1 
528 	 0.000000 	 1 
529 	 0.000000 	 1 
530 	 0.000000 	 1 
531 	 0.000000 	 1 
532 	 0.000000 	 1 
533 	 0.000000 	 1 
534 	 0.000000 	 1 
535 	 0.000000 	 1 
536 	 0.000000 	 1 
537 	 0.000000 	 1 
538 	 0.000000 	 1 
539 	 0.000000 	 1 
540 	 0.000000 	 1 
541 	 0.000000 	 1 
542 	 0.000000 	 1 
543 	 0.000000 	 1 
544 	 0.000000 	 1 
545 	 0.000000 	 1 
546 	 0.000000 	 1 
547 	 0.000000 	 1 
548 	 0.000000 	 1 
549 	 0.000000 	 1 
550 	 0.000000 	 1 
551 	 0.000000 	 1 
552 	 0.000000 	 1 
553 	 0.000000 	 1 
554 	 0.000000 	 1 
555 	 0.000000 	 1 
556 	 0.000000 	 1 
557 	 0.000000 	 1 
558 	 0.000000 	 1 
559 	 0.000000 	 1 
560 	 0.000000 	 1 
561 	 0.000000 	 1 
562 	 0.000000 	 1 
563 	 0.000000 	 1 
564 	 0.000000 	 1 
565 	 0.000000 	 1 
566 	 0.000000 	 1 
567 	 0.000000 	 1 
568 	 0.000000 	 1 
569 	 0.000000 	 1 
570 	 0.000000 	 1 
571 	 0.000000 	 1 
572 	 0.000000 	 1 
573 	 0.000000 	 1 
574 	 0.000000 	 1 
575 	 0.000000 	 1 
576 	 0.000000 	 1 
577 	 0.000000 	 1 
578 	 0.000000 	 1 
579 	 0.000000 	 1 
580 	 0.000000 	 1 
581 	 0.000000 	 1 
582 	 0.000000 	 1 
583 	 0.000000 	 1 
584 	 0.000000 	 1 
585 	 0.000000 	 1 
586 	 0.000000 	 1 
587 	 0.000000 	 1 
588 	 0.000000 	 1 
589 	 0.000000 	 1 
590 	 0.000000 	 1 
591 	 0.000000 	 1 
592 	 0.000000 	 1 
593 	 0.000000 	 1 
594 	 0.000000 	 1 
595 	 0.000000 	 1 
596 	 0.000000 	 1 
597 	 0.000000 	 1 
598 	 0.000000 	 1 
599 	 0.000000 	 1 
600 	 0.000000 	 1 
601 	 0.000000 	 1 
602 	 0.000000 	 1 
603 	 0.000000 	 1 
604 	 0.000000 	 1 
605 	 0.000000 	 1 
606 	 0.000000 	 1 
607 	 0.000000 	 1 
608 	 0.000000 	 1 
609 	 0.000000 	 1 
610 	 0.000000 	 1 
611 	 0.000000 	 1 
612 	 0.000000 	 1 
613 	 0.000000 	 1 
614 	 0.000000 	 1 
615 	 0.000000 	 1 
616 	 0.000000 	 1 
617 	 0.000000 	 1 
618 	 0.000000 	 1 
619 	 0.000000 	 1 
620 	 0.000000 	 1 
621 	 0.000000 	 1 
622 	 0.000000 	 1 
623 	 0.000000 	 1 
624 	 0.000000 	 1 
625 	 0.000000 	 1 
626 	 0.000000 	 1 
627 	 0.000000 	 1 
628 	 0.000000 	 1 
629 	 0.000000 	 1 
630 	 0.000000 	 1 
631 	 0.000000 	 1 
632 	 0.000000 	 1 
633 	 0.000000 	 1 
634 	 0.000000 	 1 
635 	 0.000000 	 1 
636 	 0.000000 	 1 
637 	 0.000000 	 1 
638 	 0.000000 	 1 
639 	 0.000000 	 1 
640 	 0.000000 	 1 
641 	 0.000000 	 1 
642 	 0.000000 	 1 
643 	 0.000000 	 1 
644 	 0.000000 	 1 
645 	 0.000000 	 1 
646 	 0.000000 	 1 
647 	 0.000000 	 1 
648 	 0.000000 	 1 
649 	 0.000000 	 1 
650 	 0.000000 	 1 
651 	 0.000000 	 1 
652 	 0.000000 	 1 
653 	 0.000000 	 1 
654 	 0.000000 	 1 
655 	 0.000000 	 1 
656 	 0.000000 	 1 
657 	 0.000000 	 1 
658 	 0.000000 	 1 
659 	 0.000000 	 1 
660 	 0.000000 	 1 
661 	 0.000000 	 1 
662 	 0.000000 	 1 
663 	 0.000000 	 1 
664 	 0.000000 	 1 
665 	 0.000000 	 1 
666 	 0.000000 	 1 
667 	 0.000000 	 1 
668 	 0.000000 	 1 
669 	 0.000000 	 1 
670 	 0.000000 	 1 
671 	 0.000000 	 1 
672 	 0.000000 	 1 
673 	 0.000000 	 1 
674 	 0.000000 	 1 
675 	 0.000000 	 1 
676 	 0.000000 	 1 
677 	 0.000000 	 1 
678 	 0.000000 	 1 
679 	 0.000000 	 1 
680 	 0.000000 	 1 
681 	 0.000000 	 1 
682 	 0.000000 	 1 
683 	 0.000000 	 1 
684 	 0.000000 	 1 
685 	 0.000000 	 1 
686 	 0.000000 	 1 
687 	 0.000000 	 1 
688 	 0.000000 	 1 
689 	 0.000000 	 1 
690 	 0.000000 	 1 
691 	 0.000000 	 1 
692 	 0.000000 	 1 
693 	 0.000000 	 1 
694 	 0.000000 	 1 
695 	 0.000000 	 1 
696 	 0.000000 	 1 
697 	 0.000000 	 1 
698 	 0.000000 	 1 
699 	 0.000000 	 1 
700 	 0.000000 	 1 
701 	 0.000000 	 1 
702 	 0.000000 	 1 
703 	 0.000000 	 1 
704 	 0.000000 	 1 
705 	 0.000000 	 1 
706 	 0.000000 	 1 
707 	 0.000000 	 1 
708 	 0.000000 	 1 
709 	 0.000000 	 1 
710 	 0.000000 	 1 
711 	 0.000000 	 1 
712 	 0.000000 	 1 
713 	 0.000000 	 1 
714 	 0.000000 	 1 
715 	 0.000000 	 1 
716 	 0.000000 	 1 
717 	 0.000000 	 1 
718 	 0.000000 	 1 
719 	 0.000000 	 1 
720 	 0.000000 	 1 
721 	 0.000000 	 1 
722 	 0.000000 	 1 
723 	 0.000000 	 1 
724 	 0.000000 	 1 
725 	 0.000000 	 1 
726 	 0.000000 	 1 
727 	 0.000000 	 1 
728 	 0.000000 	 1 
729 	 0.000000 	 1 
730 	 0.000000 	 1 
731 	 0.000000 	 1 
732 	 0.000000 	 1 
733 	 0.000000 	 1 
734 	 0.000000 	 1 
735 	 0.000000 	 1 
736 	 0.000000 	 1 
737 	 0.000000 	 1 
738 	 0.000000 	 1 
739 	 0.000000 	 1 
740 	 0.000000 	 1 
741 	 0.000000 	 1 
742 	 0.000000 	 1 
743 	 0.000000 	 1 
744 	 0.000000 	 1 
745 	 0.000000 	 1 
746 	 0.000000 	 1 
747 	 0.000000 	 1 
748 	 0.000000 	 1 
749 	 0.000000 	 1 
750 	 0.000000 	 1 
751 	 0.000000 	 1 
752 	 0.000000 	 1 
753 	 0.000000 	 1 
754 	 0.000000 	 1 
755 	 0.000000 	 1 
756 	 0.000000 	 1 
757 	 0.000000 	 1 
758 	 0.000000 	 1 
759 	 0.000000 	 1 
760 	 0.000000 	 1 
761 	 0.000000 	 1 
762 	 0.000000 	 1 
763 	 0.000000 	 1 
764 	 0.000000 	 1 
765 	 0.000000 	 1 
766 	 0.000000 	 1 
767 	 0.000000 	 1 
768 	 0.000000 	 1 
769 	 0.000000 	 1 
770 	 0.000000 	 1 
771 	 0.000000 	 1 
772 	 0.000000 	 1 
773 	 0.000000 	 1 
774 	 0.000000 	 1 
775 	 0.000000 	 1 
776 	 0.000000 	 1 
777 	 0.000000 	 1 
778 	 0.000000 	 1 
779 	 0.000000 	 1 
780 	 0.000000 	 1 
781 	 0.000000 	 1 
782 	 0.000000 	 1 
783 	 0.000000 	 1 
784 	 0.000000 	 1 
785 	 0.000000 	 1 
786 	 0.000000 	 1 
787 	 0.000000 	 1 
788 	 0.000000 	 1 
789 	 0.000000 	 1 
790 	 0.000000 	 1 
791 	 0.000000 	 1 
792 	 0.000000 	 1 
793 	 0.000000 	 1 
794 	 0.000000 	 1 
795 	 0.000000 	 1 
796 	 0.000000 	 1 
797 	 0.000000 	 1 
798 	 0.000000 	 1 
799 	 0.000000 	 1 
800 	 0.000000 	 1 
801 	 0.000000 	 1 
802 	 0.000000 	 1 
803 	 0.000000 	 1 
804 	 0.000000 	 1 
805 	 0.000000 	 1 
806 	 0.000000 	 1 
807 	 0.000000 	 1 
808 	 0.000000 	 1 
809 	 0.000000 	 1 
810 	 0.000000 	 1 
811 	 0.000000 	 1 
812 	 0.000000 	 1 
813 	 0.000000 	 1 
814 	 0.000000 	 1 
815 	 0.000000 	 1 
816 	 0.000000 	 1 
817 	 0.000000 	 1 
818 	 0.000000 	 1 
819 	 0.000000 	 1 
820 	 0.000000 	 1 
821 	 0.000000 	 1 
822 	 0.000000 	 1 
823 	 0.000000 	 1 
824 	 0.000000 	 1 
825 	 0.000000 	 1 
826 	 0.000000 	 1 
827 	 0.000000 	 1 
828 	 0.000000 	 1 
829 	 0.000000 	 1 
830 	 0.000000 	 1 
831 	 0.000000 	 1 
832 	 0.000000 	 1 
833 	 0.000000 	 1 
834 	 0.000000 	 1 
835 	 0.000000 	 1 
836 	 0.000000 	 1 
837 	 0.000000 	 1 
838 	 0.000000 	 1 
839 	 0.000000 	 1 
840 	 0.000000 	 1 
841 	 0.000000 	 1 
842 	 0.000000 	 1 
843 	 0.000000 	 1 
844 	 0.000000 	 1 
845 	 0.000000 	 1 
846 	 0.000000 	 1 
847 	 0.000000 	 1 
848 	 0.000000 	 1 
849 	 0.000000 	 1 
850 	 0.000000 	 1 
851 	 0.000000 	 1 
852 	 0.000000 	 1 
853 	 0.000000 	 1 
854 	 0.000000 	 1 
855 	 0.000000 	 1 
856 	 0.000000 	 1 
857 	 0.000000 	 1 
858 	 0.000000 	 1 
859 	 0.000000 	 1 
860 	 0.000000 	 1 
861 	 0.000000 	 1 
862 	 0.000000 	 1 
863 	 0.000000 	 1 
864 	 0.000000 	 1 
865 	 0.000000 	 1 
866 	 0.000000 	 1 
867 	 0.000000 	 1 
868 	 0.000000 	 1 
869 	 0.000000 	 1 
870 	 0.000000 	 1 
871 	 0.000000 	 1 
872 	 0.000000 	 1 
873 	 0.000000 	 1 
874 	 0.000000 	 1 
875 	 0.000000 	 1 
876 	 0.000000 	 1 
877 	 0.000000 	 1 
878 	 0.000000 	 1 
879 	 0.000000 	 1 
880 	 0.000000 	 1 
881 	 0.000000 	 1 
882 	 0.000000 	 1 
883 	 0.000000 	 1 
884 	 0.000000 	 1 
885 	 0.000000 	 1 
886 	 0.000000 	 1 
887 	 0.000000 	 1 
888 	 0.000000 	 1 
889 	 0.000000 	 1 
890 	 0.000000 	 1 
891 	 0.000000 	 1 
892 	 0.000000 	 1 
893 	 0.000000 	 1 
894 	 0.000000 	 1 
895 	 0.000000 	 1 
896 	 0.000000 	 1 
897 	 0.000000 	 1 
898 	 0.000000 	 1 
899 	 0.000000 	 1 
900 	 0.000000 	 1 
901 	 0.000000 	 1 
902 	 0.000000 	 1 
903 	 0.000000 	 1 
904 	 0.000000 	 1 
905 	 0.000000 	 1 
906 	 0.000000 	 1 
907 	 0.000000 	 1 
908 	 0.000000 	 1 
909 	 0.000000 	 1 
910 	 0.000000 	 1 
911 	 0.000000 	 1 
912 	 0.000000 	 1 
913 	 0.000000 	 1 
914 	 0.000000 	 1 
915 	 0.000000 	 1 
916 	 0.000000 	 1 
917 	 0.000000 	 1 
918 	 0.000000 	 1 
919 	 0.000000 	 1 
920 	 0.000000 	 1 
921 	 0.000000 	 1 
922 	 0.000000 	 1 
923 	 0.000000 	 1 
924 	 0.000000 	 1 
925 	 0.000000 	 1 
926 	 0.000000 	 1 
927 	 0.000000 	 1 
928 	 0.000000 	 1 
929 	 0.000000 	 1 
930 	 0.000000 	 1 
931 	 0.000000 	 1 
932 	 0.000000 	 1 
933 	 0.000000 	 1 
934 	 0.000000 	 1 
935 	 0.000000 	 1 
936 	 0.000000 	 1 
937 	 0.000000 	 1 
938 	 0.000000 	 1 
939 	 0.000000 	 1 
940 	 0.000000 	 1 
941 	 0.000000 	 1 
942 	 0.000000 	 1 
943 	 0.000000 	 1 
944 	 0.000000 	 1 
945 	 0.000000 	 1 
946 	 0.000000 	 1 
947 	 0.000000 	 1 
948 	 0.000000 	 1 
949 	 0.000000 	 1 
950 	 0.000000 	 1 
951 	 0.000000 	 1 
952 	 0.000000 	 1 
953 	 0.000000 	 1 
954 	 0.000000 	 1 
955 	 0.000000 	 1 
956 	 0.000000 	 1 
957 	 0.000000 	 1 
958 	 0.000000 	 1 
959 	 0.000000 	 1 
960 	 0.000000 	 1 
961 	 0.000000 	 1 
962 	 0.000000 	 1 
963 	 0.000000 	 1 
964 	 0.000000 	 1 
965 	 0.000000 	 1 
966 	 0.000000 	 1 
967 	 0.000000 	 1 
968 	 0.000000 	 1 
969 	 0.000000 	 1 
970 	 0.000000 	 1 
971 	 0.000000 	 1 
972 	 0.000000 	 1 
973 	 0.000000 	 1 
974 	 0.000000 	 1 
975 	 0.000000 	 1 
976 	 0.000000 	 1 
977 	 0.000000 	 1 
978 	 0.000000 	 1 
979 	 0.000000 	 1 
980 	 0.000000 	 1 
981 	 0.000000 	 1 
982 	 0.000000 	 1 
983 	 0.000000 	 1 
984 	 0.000000 	 1 
985 	 0.000000 	 1 
986 	 0.000000 	 1 
987 	 0.000000 	 1 
988 	 0.000000 	 1 
989 	 0.000000 	 1 
990 	 0.000000 	 1 
991 	 0.000000 	 1 
992 	 0.000000 	 1 
993 	 0.000000 	 1 
994 	 0.000000 	 1 
995 	 0.000000 	 1 
996 	 0.000000 	 1 
997 	 0.000000 	 1 
998 	 0.000000 	 1 
999 	 0.000000 	 1 
1000 	 0.000000 	 1 
1001 	 0.000000 	 1 
1002 	 0.000000 	 1 
1003 	 0.000000 	 1 
1004 	 0.000000 	 1 
1005 	 0.000000 	 1 
1006 	 0.000000 	 1 
1007 	 0.000000 	 1 
1008 	 0.000000 	 1 
1009 	 0.000000 	 1 
1010 	 0.000000 	 1 
1011 	 0.000000 	 1 
1012 	 0.000000 	 1 
1013 	 0.000000 	 1 
1014 	 0.000000 	 1 
1015 	 0.000000 	 1 
1016 	 0.000000 	 1 
1017 	 0.000000 	 1 
1018 	 0.000000 	 1 
1019 	 0.000000 	 1 
1020 	 0.000000 	 1 
1021 	 0.000000 	 1 
1022 	 0.000000 	 1 
1023 	 0.000000 	 1 
1024 	 0.000000 	 1 
1025 	 0.000000 	 1 
1026 	 0.000000 	 1 
1027 	 0.000000 	 1 
1028 	 0.000000 	 1 
1029 	 0.000000 	 1 
1030 	 0.000000 	 1 
1031 	 0.000000 	 1 
1032 	 0.000000 	 1 
1033 	 0.000000 	 1 
1034 	 0.000000 	 1 
1035 	 0.000000 	 1 
1036 	 0.000000 	 1 
1037 	 0.000000 	 1 
1038 	 0.000000 	 1 
1039 	 0.000000 	 1 
1040 	 0.000000 	 1 
1041 	 0.000000 	 1 
1042 	 0.000000 	 1 
1043 	 0.000000 	 1 
1044 	 0.000000 	 1 
1045 	 0.000000 	 1 
1046 	 0.000000 	 1 
1047 	 0.000000 	 1 
1048 	 0.000000 	 1 
1049 	 0.000000 	 1 
1050 	 0.000000 	 1 
1051 	 0.000000 	 1 
1052 	 0.000000 	 1 
1053 	 0.000000 	 1 
1054 	 0.000000 	 1 
1055 	 0.000000 	 1 
1056 	 0.000000 	 1 
1057 	 0.000000 	 1 
1058 	 0.000000 	 1 
1059 	 0.000000 	 1 
1060 	 0.000000 	 1 
1061 	 0.000000 	 1 
1062 	 0.000000 	 1 
1063 	 0.000000 	 1 
1064 	 0.000000 	 1 
1065 	 0.000000 	 1 
1066 	 0.000000 	 1 
1067 	 0.000000 	 1 
1068 	 0.000000 	 1 
1069 	 0.000000 	 1 
1070 	 0.000000 	 1 
1071 	 0.000000 	 1 
1072 	 0.000000 	 1 
1073 	 0.000000 	 1 
1074 	 0.000000 	 1 
1075 	 0.000000 	 1 
1076 	 0.000000 	 1 
1077 	 0.000000 	 1 
1078 	 0.000000 	 1 
1079 	 0.000000 	 1 
1080 	 0.000000 	 1 
1081 	 0.000000 	 1 
1082 	 0.000000 	 1 
1083 	 0.000000 	 1 
1084 	 0.000000 	 1 
1085 	 0.000000 	 1 
1086 	 0.000000 	 1 
1087 	 0.000000 	 1 
1088 	 0.000000 	 1 
1089 	 0.000000 	 1 
1090 	 0.000000 	 1 
1091 	 0.000000 	 1 
1092 	 0.000000 	 1 
1093 	 0.000000 	 1 
1094 	 0.000000 	 1 
1095 	 0.000000 	 1 
1096 	 0.000000 	 1 
1097 	 0.000000 	 1 
1098 	 0.000000 	 1 
1099 	 0.000000 	 1 
1100 	 0.000000 	 1 
1101 	 0.000000 	 1 
1102 	 0.000000 	 1 
1103 	 0.000000 	 1 
1104 	 0.000000 	 1 
1105 	 0.000000 	 1 
1106 	 0.000000 	 1 
1107 	 0.000000 	 1 
1108 	 0.000000 	 1 
1109 	 0.000000 	 1 
1110 	 0.000000 	 1 
1111 	 0.000000 	 1 
1112 	 0.000000 	 1 
1113 	 0.000000 	 1 
1114 	 0.000000 	 1 
1115 	 0.000000 	 1 
1116 	 0.000000 	 1 
1117 	 0.000000 	 1 
1118 	 0.000000 	 1 
1119 	 0.000000 	 1 
1120 	 0.000000 	 1 
1121 	 0.000000 	 1 
1122 	 0.000000 	 1 
1123 	 0.000000 	 1 
1124 	 0.000000 	 1 
1125 	 0.000000 	 1 
1126 	 0.000000 	 1 
1127 	 0.000000 	 1 
1128 	 0.000000 	 1 
1129 	 0.000000 	 1 
1130 	 0.000000 	 1 
1131 	 0.000000 	 1 
1132 	 0.000000 	 1 
1133 	 0.000000 	 1 
1134 	 0.000000 	 1 
1135 	 0.000000 	 1 
1136 	 0.000000 	 1 
1137 	 0.000000 	 1 
1138 	 0.000000 	 1 
1139 	 0.000000 	 1 
1140 	 0.000000 	 1 
1141 	 0.000000 	 1 
1142 	 0.000000 	 1 
1143 	 0.000000 	 1 
1144 	 0.000000 	 1 
1145 	 0.000000 	 1 
1146 	 0.000000 	 1 
1147 	 0.000000 	 1 
1148 	 0.000000 	 1 
1149 	 0.000000 	 1 
1150 	 0.000000 	 1 
1151 	 0.000000 	 1 
1152 	 0.000000 	 1 
1153 	 0.000000 	 1 
1154 	 0.000000 	 1 
1155 	 0.000000 	 1 
1156 	 0.000000 	 1 
1157 	 0.000000 	 1 
1158 	 0.000000 	 1 
1159 	 0.000000 	 1 
1160 	 0.000000 	 1 
1161 	 0.000000 	 1 
1162 	 0.000000 	 1 
1163 	 0.000000 	 1 
1164 	 0.000000 	 1 
1165 	 0.000000 	 1 
1166 	 0.000000 	 1 
1167 	 0.000000 	 1 
1168 	 0.000000 	 1 
1169 	 0.000000 	 1 
1170 	 0.000000 	 1 
1171 	 0.000000 	 1 
1172 	 0.000000 	 1 
1173 	 0.000000 	 1 
1174 	 0.000000 	 1 
1175 	 0.000000 	 1 
1176 	 0.000000 	 1 
1177 	 0.000000 	 1 
1178 	 0.000000 	 1 
1179 	 0.000000 	 1 
1180 	 0.000000 	 1 
1181 	 0.000000 	 1 
1182 	 0.000000 	 1 
1183 	 0.000000 	 1 
1184 	 0.000000 	 1 
1185 	 0.000000 	 1 
1186 	 0.000000 	 1 
1187 	 0.000000 	 1 
1188 	 0.000000 	 1 
1189 	 0.000000 	 1 
1190 	 0.000000 	 1 
1191 	 0.000000 	 1 
1192 	 0.000000 	 1 
1193 	 0.000000 	 1 
1194 	 0.000000 	 1 
1195 	 0.000000 	 1 
1196 	 0.000000 	 1 
1197 	 0.000000 	 1 
1198 	 0.000000 	 1 
1199 	 0.000000 	 1 
1200 	 0.000000 	 1 
1201 	 0.000000 	 1 
1202 	 0.000000 	 1 
1203 	 0.000000 	 1 
1204 	 0.000000 	 1 
1205 	 0.000000 	 1 
1206 	 0.000000 	 1 
1207 	 0.000000 	 1 
1208 	 0.000000 	 1 
1209 	 0.000000 	 1 
1210 	 0.000000 	 1 
1211 	 0.000000 	 1 
1212 	 0.000000 	 1 
1213 	 0.000000 	 1 
1214 	 0.000000 	 1 
1215 	 0.000000 	 1 
1216 	 0.000000 	 1 
1217 	 0.000000 	 1 
1218 	 0.000000 	 1 
1219 	 0.000000 	 1 
1220 	 0.000000 	 1 
1221 	 0.000000 	 1 
1222 	 0.000000 	 1 
1223 	 0.000000 	 1 
1224 	 0.000000 	 1 
1225 	 0.000000 	 1 
1226 	 0.000000 	 1 
1227 	 0.000000 	 1 
1228 	 0.000000 	 1 
1229 	 0.000000 	 1 
1230 	 0.000000 	 1 
1231 	 0.000000 	 1 
1232 	 0.000000 	 1 
1233 	 0.000000 	 1 
1234 	 0.000000 	 1 
1235 	 0.000000 	 1 
1236 	 0.000000 	 1 
1237 	 0.000000 	 1 
1238 	 0.000000 	 1 
1239 	 0.000000 	 1 
1240 	 0.000000 	 1 
1241 	 0.000000 	 1 
1242 	 0.000000 	 1 
1243 	 0.000000 	 1 
1244 	 0.000000 	 1 
1245 	 0.000000 	 1 
1246 	 0.000000 	 1 
1247 	 0.000000 	 1 
1248 	 0.000000 	 1 
1249 	 0.000000 	 1 
1250 	 0.000000 	 1 
1251 	 0.000000 	 1 
1252 	 0.000000 	 1 
1253 	 0.000000 	 1 
1254 	 0.000000 	 1 
1255 	 0.000000 	 1 
1256 	 0.000000 	 1 
1257 	 0.000000 	 1 
1258 	 0.000000 	 1 
1259 	 0.000000 	 1 
1260 	 0.000000 	 1 
1261 	 0.000000 	 1 
1262 	 0.000000 	 1 
1263 	 0.000000 	 1 
1264 	 0.000000 	 1 
1265 	 0.000000 	 1 
1266 	 0.000000 	 1 
1267 	 0.000000 	 1 
1268 	 0.000000 	 1 
1269 	 0.000000 	 1 
1270 	 0.000000 	 1 
1271 	 0.000000 	 1 
1272 	 0.000000 	 1 
1273 	 0.000000 	 1 
1274 	 0.000000 	 1 
1275 	 0.000000 	 1 
1276 	 0.000000 	 1 
1277 	 0.000000 	 1 
1278 	 0.000000 	 1 
1279 	 0.000000 	 1 
1280 	 0.000000 	 1 
1281 	 0.000000 	 1 
1282 	 0.000000 	 1 
1283 	 0.000000 	 1 
1284 	 0.000000 	 1 
1285 	 0.000000 	 1 
1286 	 0.000000 	 1 
1287 	 0.000000 	 1 
1288 	 0.000000 	 1 
1289 	 0.000000 	 1 
1290 	 0.000000 	 1 
1291 	 0.000000 	 1 
1292 	 0.000000 	 1 
1293 	 0.000000 	 1 
1294 	 0.000000 	 1 
1295 	 0.000000 	 1 
1296 	 0.000000 	 1 
1297 	 0.000000 	 1 
1298 	 0.000000 	 1 
1299 	 0.000000 	 1 
1300 	 0.000000 	 1 
1301 	 0.000000 	 1 
1302 	 0.000000 	 1 
1303 	 0.000000 	 1 
1304 	 0.000000 	 1 
1305 	 0.000000 	 1 
1306 	 0.000000 	 1 
1307 	 0.000000 	 1 
1308 	 0.000000 	 1 
1309 	 0.000000 	 1 
1310 	 0.000000 	 1 
1311 	 0.000000 	 1 
1312 	 0.000000 	 1 
1313 	 0.000000 	 1 
1314 	 0.000000 	 1 
1315 	 0.000000 	 1 
1316 	 0.000000 	 1 
1317 	 0.000000 	 1 
1318 	 0.000000 	 1 
1319 	 0.000000 	 1 
1320 	 0.000000 	 1 
1321 	 0.000000 	 1 
1322 	 0.000000 	 1 
1323 	 0.000000 	 1 
1324 	 0.000000 	 1 
1325 	 0.000000 	 1 
1326 	 0.000000 	 1 
1327 	 0.000000 	 1 
1328 	 0.000000 	 1 
1329 	 0.000000 	 1 
1330 	 0.000000 	 1 
1331 	 0.000000 	 1 
1332 	 0.000000 	 1 
1333 	 0.000000 	 1 
1334 	 0.000000 	 1 
1335 	 0.000000 	 1 
1336 	 0.000000 	 1 
1337 	 0.000000 	 1 
1338 	 0.000000 	 1 
1339 	 0.000000 	 1 
1340 	 0.000000 	 1 
1341 	 0.000000 	 1 
1342 	 0.000000 	 1 
1343 	 0.000000 	 1 
1344 	 0.000000 	 1 
1345 	 0.000000 	 1 
1346 	 0.000000 	 1 
1347 	 0.000000 	 1 
1348 	 0.000000 	 1 
1349 	 0.000000 	 1 
1350 	 0.000000 	 1 
1351 	 0.000000 	 1 
1352 	 0.000000 	 1 
1353 	 0.000000 	 1 
1354 	 0.000000 	 1 
1355 	 0.000000 	 1 
1356 	 0.000000 	 1 
1357 	 0.000000 	 1 
1358 	 0.000000 	 1 
1359 	 0.000000 	 1 
1360 	 0.000000 	 1 
1361 	 0.000000 	 1 
1362 	 0.000000 	 1 
1363 	 0.000000 	 1 
1364 	 0.000000 	 1 
1365 	 0.000000 	 1 
1366 	 0.000000 	 1 
1367 	 0.000000 	 1 
1368 	 0.000000 	 1 
1369 	 0.000000 	 1 
1370 	 0.000000 	 1 
1371 	 0.000000 	 1 
1372 	 0.000000 	 1 
1373 	 0.000000 	 1 
1374 	 0.000000 	 1 
1375 	 0.000000 	 1 
1376 	 0.000000 	 1 
1377 	 0.000000 	 1 
1378 	 0.000000 	 1 
1379 	 0.000000 	 1 
1380 	 0.000000 	 1 
1381 	 0.000000 	 1 
1382 	 0.000000 	 1 
1383 	 0.000000 	 1 
1384 	 0.000000 	 1 
1385 	 0.000000 	 1 
1386 	 0.000000 	 1 
1387 	 0.000000 	 1 
1388 	 0.000000 	 1 
1389 	 0.000000 	 1 
1390 	 0.000000 	 1 
1391 	 0.000000 	 1 
1392 	 0.000000 	 1 
1393 	 0.000000 	 1 
1394 	 0.000000 	 1 
1395 	 0.000000 	 1 
1396 	 0.000000 	 1 
1397 	 0.000000 	 1 
1398 	 0.000000 	 1 
1399 	 0.000000 	 1 
1400 	 0.000000 	 1 
1401 	 0.000000 	 1 
1402 	 0.000000 	 1 
1403 	 0.000000 	 1 
1404 	 0.000000 	 1 
1405 	 0.000000 	 1 
1406 	 0.000000 	 1 
1407 	 0.000000 	 1 
1408 	 0.000000 	 1 
1409 	 0.000000 	 1 
1410 	 0.000000 	 1 
1411 	 0.000000 	 1 
1412 	 0.000000 	 1 
1413 	 0.000000 	 1 
1414 	 0.000000 	 1 
1415 	 0.000000 	 1 
1416 	 0.000000 	 1 
1417 	 0.000000 	 1 
1418 	 0.000000 	 1 
1419 	 0.000000 	 1 
1420 	 0.000000 	 1 
1421 	 0.000000 	 1 
1422 	 0.000000 	 1 
1423 	 0.000000 	 1 
1424 	 0.000000 	 1 
1425 	 0.000000 	 1 
1426 	 0.000000 	 1 
1427 	 0.000000 	 1 
1428 	 0.000000 	 1 
1429 	 0.000000 	 1 
1430 	 0.000000 	 1 
1431 	 0.000000 	 1 
1432 	 0.000000 	 1 
1433 	 0.000000 	 1 
1434 	 0.000000 	 1 
1435 	 0.000000 	 1 
1436 	 0.000000 	 1 
1437 	 0.000000 	 1 
1438 	 0.000000 	 1 
1439 	 0.000000 	 1 
1440 	 0.000000 	 1 
1441 	 0.000000 	 1 
1442 	 0.000000 	 1 
1443 	 0.000000 	 1 
1444 	 0.000000 	 1 
1445 	 0.000000 	 1 
1446 	 0.000000 	 1 
1447 	 0.000000 	 1 
1448 	 0.000000 	 1 
1449 	 0.000000 	 1 
1450 	 0.000000 	 1 
1451 	 0.000000 	 1 
1452 	 0.000000 	 1 
1453 	 0.000000 	 1 
1454 	 0.000000 	 1 
1455 	 0.000000 	 1 
1456 	 0.000000 	 1 
1457 	 0.000000 	 1 
1458 	 0.000000 	 1 
1459 	 0.000000 	 1 
1460 	 0.000000 	 1 
1461 	 0.000000 	 1 
1462 	 0.000000 	 1 
1463 	 0.000000 	 1 
1464 	 0.000000 	 1 
1465 	 0.000000 	 1 
1466 	 0.000000 	 1 
1467 	 0.000000 	 1 
1468 	 0.000000 	 1 
1469 	 0.000000 	 1 
1470 	 0.000000 	 1 
1471 	 0.000000 	 1 
1472 	 0.000000 	 1 
1473 	 0.000000 	 1 
1474 	 0.000000 	 1 
1475 	 0.000000 	 1 
1476 	 0.000000 	 1 
1477 	 0.000000 	 1 
1478 	 0.000000 	 1 
1479 	 0.000000 	 1 
1480 	 0.000000 	 1 
1481 	 0.000000 	 1 
1482 	 0.000000 	 1 
1483 	 0.000000 	 1 
1484 	 0.000000 	 1 
1485 	 0.000000 	 1 
1486 	 0.000000 	 1 
1487 	 0.000000 	 1 
1488 	 0.000000 	 1 
1489 	 0.000000 	 1 
1490 	 0.000000 	 1 
1491 	 0.000000 	 1 
1492 	 0.000000 	 1 
1493 	 0.000000 	 1 
1494 	 0.000000 	 1 
1495 	 0.000000 	 1 
1496 	 0.000000 	 1 
1497 	 0.000000 	 1 
1498 	 0.000000 	 1 
1499 	 0.000000 	 1 
1500 	 0.000000 	 1 
1501 	 0.000000 	 1 
1502 	 0.000000 	 1 
1503 	 0.000000 	 1 
1504 	 0.000000 	 1 
1505 	 0.000000 	 1 
1506 	 0.000000 	 1 
1507 	 0.000000 	 1 
1508 	 0.000000 	 1 
1509 	 0.000000 	 1 
1510 	 0.000000 	 1 
1511 	 0.000000 	 1 
1512 	 0.000000 	 1 
1513 	 0.000000 	 1 
1514 	 0.000000 	 1 
1515 	 0.000000 	 1 
1516 	 0.000000 	 1 
1517 	 0.000000 	 1 
1518 	 0.000000 	 1 
1519 	 0.000000 	 1 
1520 	 0.000000 	 1 
1521 	 0.000000 	 1 
1522 	 0.000000 	 1 
1523 	 0.000000 	 1 
1524 	 0.000000 	 1 
1525 	 0.000000 	 1 
1526 	 0.000000 	 1 
1527 	 0.000000 	 1 
1528 	 0.000000 	 1 
1529 	 0.000000 	 1 
1530 	 0.000000 	 1 
1531 	 0.000000 	 1 
1532 	 0.000000 	 1 
1533 	 0.000000 	 1 
1534 	 0.000000 	 1 
1535 	 0.000000 	 1 
1536 	 0.000000 	 1 
1537 	 0.000000 	 1 
1538 	 0.000000 	 1 
1539 	 0.000000 	 1 
1540 	 0.000000 	 1 
1541 	 0.000000 	 1 
1542 	 0.000000 	 1 
1543 	 0.000000 	 1 
1544 	 0.000000 	 1 
1545 	 0.000000 	 1 
1546 	 0.000000 	 1 
1547 	 0.000000 	 1 
1548 	 0.000000 	 1 
1549 	 0.000000 	 1 
1550 	 0.000000 	 1 
1551 	 0.000000 	 1 
1552 	 0.000000 	 1 
1553 	 0.000000 	 1 
1554 	 0.000000 	 1 
1555 	 0.000000 	 1 
1556 	 0.000000 	 1 
1557 	 0.000000 	 1 
1558 	 0.000000 	 1 
1559 	 0.000000 	 1 
1560 	 0.000000 	 1 
1561 	 0.000000 	 1 
1562 	 0.000000 	 1 
1563 	 0.000000 	 1 
1564 	 0.000000 	 1 
1565 	 0.000000 	 1 
1566 	 0.000000 	 1 
1567 	 0.000000 	 1 
1568 	 0.000000 	 1 
1569 	 0.000000 	 1 
1570 	 0.000000 	 1 
1571 	 0.000000 	 1 
1572 	 0.000000 	 1 
1573 	 0.000000 	 1 
1574 	 0.000000 	 1 
1575 	 0.000000 	 1 
1576 	 0.000000 	 1 
1577 	 0.000000 	 1 
1578 	 0.000000 	 1 
1579 	 0.000000 	 1 
1580 	 0.000000 	 1 
1581 	 0.000000 	 1 
1582 	 0.000000 	 1 
1583 	 0.000000 	 1 
1584 	 0.000000 	 1 
1585 	 0.000000 	 1 
1586 	 0.000000 	 1 
1587 	 0.000000 	 1 
1588 	 0.000000 	 1 
1589 	 0.000000 	 1 
1590 	 0.000000 	 1 
1591 	 0.000000 	 1 
1592 	 0.000000 	 1 
1593 	 0.000000 	 1 
1594 	 0.000000 	 1 
1595 	 0.000000 	 1 
1596 	 0.000000 	 1 
1597 	 0.000000 	 1 
1598 	 0.000000 	 1 
1599 	 0.000000 	 1 
1600 	 0.000000 	 1 
1601 	 0.000000 	 1 
1602 	 0.000000 	 1 
1603 	 0.000000 	 1 
1604 	 0.000000 	 1 
1605 	 0.000000 	 1 
1606 	 0.000000 	 1 
1607 	 0.000000 	 1 
1608 	 0.000000 	 1 
1609 	 0.000000 	 1 
1610 	 0.000000 	 1 
1611 	 0.000000 	 1 
1612 	 0.000000 	 1 
1613 	 0.000000 	 1 
1614 	 0.000000 	 1 
1615 	 0.000000 	 1 
1616 	 0.000000 	 1 
1617 	 0.000000 	 1 
1618 	 0.000000 	 1 
1619 	 0.000000 	 1 
1620 	 0.000000 	 1 
1621 	 0.000000 	 1 
1622 	 0.000000 	 1 
1623 	 0.000000 	 1 
1624 	 0.000000 	 1 
1625 	 0.000000 	 1 
1626 	 0.000000 	 1 
1627 	 0.000000 	 1 
1628 	 0.000000 	 1 
1629 	 0.000000 	 1 
1630 	 0.000000 	 1 
1631 	 0.000000 	 1 
1632 	 0.000000 	 1 
1633 	 0.000000 	 1 
1634 	 0.000000 	 1 
1635 	 0.000000 	 1 
1636 	 0.000000 	 1 
1637 	 0.000000 	 1 
1638 	 0.000000 	 1 
1639 	 0.000000 	 1 
1640 	 0.000000 	 1 
1641 	 0.000000 	 1 
1642 	 0.000000 	 1 
1643 	 0.000000 	 1 
1644 	 0.000000 	 1 
1645 	 0.000000 	 1 
1646 	 0.000000 	 1 
1647 	 0.000000 	 1 
1648 	 0.000000 	 1 
1649 	 0.000000 	 1 
1650 	 0.000000 	 1 
1651 	 0.000000 	 1 
1652 	 0.000000 	 1 
1653 	 0.000000 	 1 
1654 	 0.000000 	 1 
1655 	 0.000000 	 1 
1656 	 0.000000 	 1 
1657 	 0.000000 	 1 
1658 	 0.000000 	 1 
1659 	 0.000000 	 1 
1660 	 0.000000 	 1 
1661 	 0.000000 	 1 
1662 	 0.000000 	 1 
1663 	 0.000000 	 1 
1664 	 0.000000 	 1 
1665 	 0.000000 	 1 
1666 	 0.000000 	 1 
1667 	 0.000000 	 1 
1668 	 0.000000 	 1 
1669 	 0.000000 	 1 
1670 	 0.000000 	 1 
1671 	 0.000000 	 1 
1672 	 0.000000 	 1 
1673 	 0.000000 	 1 
1674 	 0.000000 	 1 
1675 	 0.000000 	 1 
1676 	 0.000000 	 1 
1677 	 0.000000 	 1 
1678 	 0.000000 	 1 
1679 	 0.000000 	 1 
1680 	 0.000000 	 1 
1681 	 0.000000 	 1 
1682 	 0.000000 	 1 
1683 	 0.000000 	 1 
1684 	 0.000000 	 1 
1685 	 0.000000 	 1 
1686 	 0.000000 	 1 
1687 	 0.000000 	 1 
1688 	 0.000000 	 1 
1689 	 0.000000 	 1 
1690 	 0.000000 	 1 
1691 	 0.000000 	 1 
1692 	 0.000000 	 1 
1693 	 0.000000 	 1 
1694 	 0.000000 	 1 
1695 	 0.000000 	 1 
1696 	 0.000000 	 1 
1697 	 0.000000 	 1 
1698 	 0.000000 	 1 
1699 	 0.000000 	 1 
1700 	 0.000000 	 1 
1701 	 0.000000 	 1 
1702 	 0.000000 	 1 
1703 	 0.000000 	 1 
1704 	 0.000000 	 1 
1705 	 0.000000 	 1 
1706 	 0.000000 	 1 
1707 	 0.000000 	 1 
1708 	 0.000000 	 1 
1709 	 0.000000 	 1 
1710 	 0.000000 	 1 
1711 	 0.000000 	 1 
1712 	 0.000000 	 1 
1713 	 0.000000 	 1 
1714 	 0.000000 	 1 
1715 	 0.000000 	 1 
1716 	 0.000000 	 1 
1717 	 0.000000 	 1 
1718 	 0.000000 	 1 
1719 	 0.000000 	 1 
1720 	 0.000000 	 1 
1721 	 0.000000 	 1 
1722 	 0.000000 	 1 
1723 	 0.000000 	 1 
1724 	 0.000000 	 1 
1725 	 0.000000 	 1 
1726 	 0.000000 	 1 
1727 	 0.000000 	 1 
1728 	 0.000000 	 1 
1729 	 0.000000 	 1 
1730 	 0.000000 	 1 
1731 	 0.000000 	 1 
1732 	 0.000000 	 1 
1733 	 0.000000 	 1 
1734 	 0.000000 	 1 
1735 	 0.000000 	 1 
1736 	 0.000000 	 1 
1737 	 0.000000 	 1 
1738 	 0.000000 	 1 
1739 	 0.000000 	 1 
1740 	 0.000000 	 1 
1741 	 0.000000 	 1 
1742 	 0.000000 	 1 
1743 	 0.000000 	 1 
1744 	 0.000000 	 1 
1745 	 0.000000 	 1 
1746 	 0.000000 	 1 
1747 	 0.000000 	 1 
1748 	 0.000000 	 1 
1749 	 0.000000 	 1 
1750 	 0.000000 	 1 
1751 	 0.000000 	 1 
1752 	 0.000000 	 1 
1753 	 0.000000 	 1 
1754 	 0.000000 	 1 
1755 	 0.000000 	 1 
1756 	 0.000000 	 1 
1757 	 0.000000 	 1 
1758 	 0.000000 	 1 
1759 	 0.000000 	 1 
1760 	 0.000000 	 1 
1761 	 0.000000 	 1 
1762 	 0.000000 	 1 
1763 	 0.000000 	 1 
1764 	 0.000000 	 1 
1765 	 0.000000 	 1 
1766 	 0.000000 	 1 
1767 	 0.000000 	 1 
1768 	 0.000000 	 1 
1769 	 0.000000 	 1 
1770 	 0.000000 	 1 
1771 	 0.000000 	 1 
1772 	 0.000000 	 1 
1773 	 0.000000 	 1 
1774 	 0.000000 	 1 
1775 	 0.000000 	 1 
1776 	 0.000000 	 1 
1777 	 0.000000 	 1 
1778 	 0.000000 	 1 
1779 	 0.000000 	 1 
1780 	 0.000000 	 1 
1781 	 0.000000 	 1 
1782 	 0.000000 	 1 
1783 	 0.000000 	 1 
1784 	 0.000000 	 1 
1785 	 0.000000 	 1 
1786 	 0.000000 	 1 
1787 	 0.000000 	 1 
1788 	 0.000000 	 1 
1789 	 0.000000 	 1 
1790 	 0.000000 	 1 
1791 	 0.000000 	 1 
1792 	 0.000000 	 1 
1793 	 0.000000 	 1 
1794 	 0.000000 	 1 
1795 	 0.000000 	 1 
1796 	 0.000000 	 1 
1797 	 0.000000 	 1 
1798 	 0.000000 	 1 
1799 	 0.000000 	 1 
1800 	 0.000000 	 1 
1801 	 0.000000 	 1 
1802 	 0.000000 	 1 
1803 	 0.000000 	 1 
1804 	 0.000000 	 1 
1805 	 0.000000 	 1 
1806 	 0.000000 	 1 
1807 	 0.000000 	 1 
1808 	 0.000000 	 1 
1809 	 0.000000 	 1 
1810 	 0.000000 	 1 
1811 	 0.000000 	 1 
1812 	 0.000000 	 1 
1813 	 0.000000 	 1 
1814 	 0.000000 	 1 
1815 	 0.000000 	 1 
1816 	 0.000000 	 1 
1817 	 0.000000 	 1 
1818 	 0.000000 	 1 
1819 	 0.000000 	 1 
1820 	 0.000000 	 1 
1821 	 0.000000 	 1 
1822 	 0.000000 	 1 
1823 	 0.000000 	 1 
1824 	 0.000000 	 1 
1825 	 0.000000 	 1 
1826 	 0.000000 	 1 
1827 	 0.000000 	 1 
1828 	 0.000000 	 1 
1829 	 0.000000 	 1 
1830 	 0.000000 	 1 
1831 	 0.000000 	 1 
1832 	 0.000000 	 1 
1833 	 0.000000 	 1 
1834 	 0.000000 	 1 
1835 	 0.000000 	 1 
1836 	 0.000000 	 1 
1837 	 0.000000 	 1 
1838 	 0.000000 	 1 
1839 	 0.000000 	 1 
1840 	 0.000000 	 1 
1841 	 0.000000 	 1 
1842 	 0.000000 	 1 
1843 	 0.000000 	 1 
1844 	 0.000000 	 1 
1845 	 0.000000 	 1 
1846 	 0.000000 	 1 
1847 	 0.000000 	 1 
1848 	 0.000000 	 1 
1849 	 0.000000 	 1 
1850 	 0.000000 	 1 
1851 	 0.000000 	 1 
1852 	 0.000000 	 1 
1853 	 0.000000 	 1 
1854 	 0.000000 	 1 
1855 	 0.000000 	 1 
1856 	 0.000000 	 1 
1857 	 0.000000 	 1 
1858 	 0.000000 	 1 
1859 	 0.000000 	 1 
1860 	 0.000000 	 1 
1861 	 0.000000 	 1 
1862 	 0.000000 	 1 
1863 	 0.000000 	 1 
1864 	 0.000000 	 1 
1865 	 0.000000 	 1 
1866 	 0.000000 	 1 
1867 	 0.000000 	 1 
1868 	 0.000000 	 1 
1869 	 0.000000 	 1 
1870 	 0.000000 	 1 
1871 	 0.000000 	 1 
1872 	 0.000000 	 1 
1873 	 0.000000 	 1 
1874 	 0.000000 	 1 
1875 	 0.000000 	 1 
1876 	 0.000000 	 1 
1877 	 0.000000 	 1 
1878 	 0.000000 	 1 
1879 	 0.000000 	 1 
1880 	 0.000000 	 1 
1881 	 0.000000 	 1 
1882 	 0.000000 	 1 
1883 	 0.000000 	 1 
1884 	 0.000000 	 1 
1885 	 0.000000 	 1 
1886 	 0.000000 	 1 
1887 	 0.000000 	 1 
1888 	 0.000000 	 1 
1889 	 0.000000 	 1 
1890 	 0.000000 	 1 
1891 	 0.000000 	 1 
1892 	 0.000000 	 1 
1893 	 0.000000 	 1 
1894 	 0.000000 	 1 
1895 	 0.000000 	 1 
1896 	 0.000000 	 1 
1897 	 0.000000 	 1 
1898 	 0.000000 	 1 
1899 	 0.000000 	 1 
1900 	 0.000000 	 1 
1901 	 0.000000 	 1 
1902 	 0.000000 	 1 
1903 	 0.000000 	 1 
1904 	 0.000000 	 1 
1905 	 0.000000 	 1 
1906 	 0.000000 	 1 
1907 	 0.000000 	 1 
1908 	 0.000000 	 1 
1909 	 0.000000 	 1 
1910 	 0.000000 	 1 
1911 	 0.000000 	 1 
1912 	 0.000000 	 1 
1913 	 0.000000 	 1 
1914 	 0.000000 	 1 
1915 	 0.000000 	 1 
1916 	 0.000000 	 1 
1917 	 0.000000 	 1 
1918 	 0.000000 	 1 
1919 	 0.000000 	 1 
1920 	 0.000000 	 1 
1921 	 0.000000 	 1 
1922 	 0.000000 	 1 
1923 	 0.000000 	 1 
1924 	 0.000000 	 1 
1925 	 0.000000 	 1 
1926 	 0.000000 	 1 
1927 	 0.000000 	 1 
1928 	 0.000000 	 1 
1929 	 0.000000 	 1 
1930 	 0.000000 	 1 
1931 	 0.000000 	 1 
1932 	 0.000000 	 1 
1933 	 0.000000 	 1 
1934 	 0.000000 	 1 
1935 	 0.000000 	 1 
1936 	 0.000000 	 1 
1937 	 0.000000 	 1 
1938 	 0.000000 	 1 
1939 	 0.000000 	 1 
1940 	 0.000000 	 1 
1941 	 0.000000 	 1 
1942 	 0.000000 	 1 
1943 	 0.000000 	 1 
1944 	 0.000000 	 1 
1945 	 0.000000 	 1 
1946 	 0.000000 	 1 
1947 	 0.000000 	 1 
1948 	 0.000000 	 1 
1949 	 0.000000 	 1 
1950 	 0.000000 	 1 
1951 	 0.000000 	 1 
1952 	 0.000000 	 1 
1953 	 0.000000 	 1 
1954 	 0.000000 	 1 
1955 	 0.000000 	 1 
1956 	 0.000000 	 1 
1957 	 0.000000 	 1 
1958 	 0.000000 	 1 
1959 	 0.000000 	 1 
1960 	 0.000000 	 1 
1961 	 0.000000 	 1 
1962 	 0.000000 	 1 
1963 	 0.000000 	 1 
1964 	 0.000000 	 1 
1965 	 0.000000 	 1 
1966 	 0.000000 	 1 
1967 	 0.000000 	 1 
1968 	 0.000000 	 1 
1969 	 0.000000 	 1 
1970 	 0.000000 	 1 
1971 	 0.000000 	 1 
1972 	 0.000000 	 1 
1973 	 0.000000 	 1 
1974 	 0.000000 	 1 
1975 	 0.000000 	 1 
1976 	 0.000000 	 1 
1977 	 0.000000 	 1 
1978 	 0.000000 	 1 
1979 	 0.000000 	 1 
1980 	 0.000000 	 1 
1981 	 0.000000 	 1 
1982 	 0.000000 	 1 
1983 	 0.000000 	 1 
1984 	 0.000000 	 1 
1985 	 0.000000 	 1 
1986 	 0.000000 	 1 
1987 	 0.000000 	 1 
1988 	 0.000000 	 1 
1989 	 0.000000 	 1 
1990 	 0.000000 	 1 
1991 	 0.000000 	 1 
1992 	 0.000000 	 1 
1993 	 0.000000 	 1 
1994 	 0.000000 	 1 
1995 	 0.000000 	 1 
1996 	 0.000000 	 1 
1997 	 0.000000 	 1 
1998 	 0.000000 	 1 
1999 	 0.000000 	 1 
2000 	 0.000000 	 1 
2001 	 0.000000 	 1 
2002 	 0.000000 	 1 
2003 	 0.000000 	 1 
2004 	 0.000000 	 1 
2005 	 0.000000 	 1 
2006 	 0.000000 	 1 
2007 	 0.000000 	 1 
2008 	 0.000000 	 1 
2009 	 0.000000 	 1 
2010 	 0.000000 	 1 
2011 	 0.000000 	 1 
2012 	 0.000000 	 1 
2013 	 0.000000 	 1 
2014 	 0.000000 	 1 
2015 	 0.000000 	 1 
2016 	 0.000000 	 1 
2017 	 0.000000 	 1 
2018 	 0.000000 	 1 
2019 	 0.000000 	 1 
2020 	 0.000000 	 1 
2021 	 0.000000 	 1 
2022 	 0.000000 	 1 
2023 	 0.000000 	 1 
2024 	 0.000000 	 1 
2025 	 0.000000 	 1 
2026 	 0.000000 	 1 
2027 	 0.000000 	 1 
2028 	 0.000000 	 1 
2029 	 0.000000 	 1 
2030 	 0.000000 	 1 
2031 	 0.000000 	 1 
2032 	 0.000000 	 1 
2033 	 0.000000 	 1 
2034 	 0.000000 	 1 
2035 	 0.000000 	 1 
2036 	 0.000000 	 1 
2037 	 0.000000 	 1 
2038 	 0.000000 	 1 
2039 	 0.000000 	 1 
2040 	 0.000000 	 1 
2041 	 0.000000 	 1 
2042 	 0.000000 	 1 
2043 	 0.000000 	 1 
2044 	 0.000000 	 1 
2045 	 0.000000 	 1 
2046 	 0.000000 	 1 
2047 	 0.000000 	 1 
2048 	 0.000000 	 1 
2049 	 0.000000 	 1 
2050 	 0.000000 	 1 
2051 	 0.000000 	 1 
2052 	 0.000000 	 1 
2053 	 0.000000 	 1 
2054 	 0.000000 	 1 
2055 	 0.000000 	 1 
2056 	 0.000000 	 1 
2057 	 0.000000 	 1 
2058 	 0.000000 	 1 
2059 	 0.000000 	 1 
2060 	 0.000000 	 1 
2061 	 0.000000 	 1 
2062 	 0.000000 	 1 
2063 	 0.000000 	 1 
2064 	 0.000000 	 1 
2065 	 0.000000 	 1 
2066 	 0.000000 	 1 
2067 	 0.000000 	 1 
2068 	 0.000000 	 1 
2069 	 0.000000 	 1 
2070 	 0.000000 	 1 
2071 	 0.000000 	 1 
2072 	 0.000000 	 1 
2073 	 0.000000 	 1 
2074 	 0.000000 	 1 
2075 	 0.000000 	 1 
2076 	 0.000000 	 1 
2077 	 0.000000 	 1 
2078 	 0.000000 	 1 
2079 	 0.000000 	 1 
2080 	 0.000000 	 1 
2081 	 0.000000 	 1 
2082 	 0.000000 	 1 
2083 	 0.000000 	 1 
2084 	 0.000000 	 1 
2085 	 0.000000 	 1 
2086 	 0.000000 	 1 
2087 	 0.000000 	 1 
2088 	 0.000000 	 1 
2089 	 0.000000 	 1 
2090 	 0.000000 	 1 
2091 	 0.000000 	 1 
2092 	 0.000000 	 1 
2093 	 0.000000 	 1 
2094 	 0.000000 	 1 
2095 	 0.000000 	 1 
2096 	 0.000000 	 1 
2097 	 0.000000 	 1 
2098 	 0.000000 	 1 
2099 	 0.000000 	 1 
2100 	 0.000000 	 1 
2101 	 0.000000 	 1 
2102 	 0.000000 	 1 
2103 	 0.000000 	 1 
2104 	 0.000000 	 1 
2105 	 0.000000 	 1 
2106 	 0.000000 	 1 
2107 	 0.000000 	 1 
2108 	 0.000000 	 1 
2109 	 0.000000 	 1 
2110 	 0.000000 	 1 
2111 	 0.000000 	 1 
2112 	 0.000000 	 1 
2113 	 0.000000 	 1 
2114 	 0.000000 	 1 
2115 	 0.000000 	 1 
2116 	 0.000000 	 1 
2117 	 0.000000 	 1 
2118 	 0.000000 	 1 
2119 	 0.000000 	 1 
2120 	 0.000000 	 1 
2121 	 0.000000 	 1 
2122 	 0.000000 	 1 
2123 	 0.000000 	 1 
2124 	 0.000000 	 1 
2125 	 0.000000 	 1 
2126 	 0.000000 	 1 
2127 	 0.000000 	 1 
2128 	 0.000000 	 1 
2129 	 0.000000 	 1 
2130 	 0.000000 	 1 
2131 	 0.000000 	 1 
2132 	 0.000000 	 1 
2133 	 0.000000 	 1 
2134 	 0.000000 	 1 
2135 	 0.000000 	 1 
2136 	 0.000000 	 1 
2137 	 0.000000 	 1 
2138 	 0.000000 	 1 
2139 	 0.000000 	 1 
2140 	 0.000000 	 1 
2141 	 0.000000 	 1 
2142 	 0.000000 	 1 
2143 	 0.000000 	 1 
2144 	 0.000000 	 1 
2145 	 0.000000 	 1 
2146 	 0.000000 	 1 
2147 	 0.000000 	 1 
2148 	 0.000000 	 1 
2149 	 0.000000 	 1 
2150 	 0.000000 	 1 
2151 	 0.000000 	 1 
2152 	 0.000000 	 1 
2153 	 0.000000 	 1 
2154 	 0.000000 	 1 
2155 	 0.000000 	 1 
2156 	 0.000000 	 1 
2157 	 0.000000 	 1 
2158 	 0.000000 	 1 
2159 	 0.000000 	 1 
2160 	 0.000000 	 1 
2161 	 0.000000 	 1 
2162 	 0.000000 	 1 
2163 	 0.000000 	 1 
2164 	 0.000000 	 1 
2165 	 0.000000 	 1 
2166 	 0.000000 	 1 
2167 	 0.000000 	 1 
2168 	 0.000000 	 1 
2169 	 0.000000 	 1 
2170 	 0.000000 	 1 
2171 	 0.000000 	 1 
2172 	 0.000000 	 1 
2173 	 0.000000 	 1 
2174 	 0.000000 	 1 
2175 	 0.000000 	 1 
2176 	 0.000000 	 1 
2177 	 0.000000 	 1 
2178 	 0.000000 	 1 
2179 	 0.000000 	 1 
2180 	 0.000000 	 1 
2181 	 0.000000 	 1 
2182 	 0.000000 	 1 
2183 	 0.000000 	 1 
2184 	 0.000000 	 1 
2185 	 0.000000 	 1 
2186 	 0.000000 	 1 
2187 	 0.000000 	 1 
2188 	 0.000000 	 1 
2189 	 0.000000 	 1 
2190 	 0.000000 	 1 
2191 	 0.000000 	 1 
2192 	 0.000000 	 1 
2193 	 0.000000 	 1 
2194 	 0.000000 	 1 
2195 	 0.000000 	 1 
2196 	 0.000000 	 1 
2197 	 0.000000 	 1 
2198 	 0.000000 	 1 
2199 	 0.000000 	 1 
2200 	 0.000000 	 1 
2201 	 0.000000 	 1 
2202 	 0.000000 	 1 
2203 	 0.000000 	 1 
2204 	 0.000000 	 1 
2205 	 0.000000 	 1 
2206 	 0.000000 	 1 
2207 	 0.000000 	 1 
2208 	 0.000000 	 1 
2209 	 0.000000 	 1 
2210 	 0.000000 	 1 
2211 	 0.000000 	 1 
2212 	 0.000000 	 1 
2213 	 0.000000 	 1 
2214 	 0.000000 	 1 
2215 	 0.000000 	 1 
2216 	 0.000000 	 1 
2217 	 0.000000 	 1 
2218 	 0.000000 	 1 
2219 	 0.000000 	 1 
2220 	 0.000000 	 1 
2221 	 0.000000 	 1 
2222 	 0.000000 	 1 
2223 	 0.000000 	 1 
2224 	 0.000000 	 1 
2225 	 0.000000 	 1 
2226 	 0.000000 	 1 
2227 	 0.000000 	 1 
2228 	 0.000000 	 1 
2229 	 0.000000 	 1 
2230 	 0.000000 	 1 
2231 	 0.000000 	 1 
2232 	 0.000000 	 1 
2233 	 0.000000 	 1 
2234 	 0.000000 	 1 
2235 	 0.000000 	 1 
2236 	 0.000000 	 1 
2237 	 0.000000 	 1 
2238 	 0.000000 	 1 
2239 	 0.000000 	 1 
2240 	 0.000000 	 1 
2241 	 0.000000 	 1 
2242 	 0.000000 	 1 
2243 	 0.000000 	 1 
2244 	 0.000000 	 1 
2245 	 0.000000 	 1 
2246 	 0.000000 	 1 
2247 	 0.000000 	 1 
2248 	 0.000000 	 1 
2249 	 0.000000 	 1 
2250 	 0.000000 	 1 
2251 	 0.000000 	 1 
2252 	 0.000000 	 1 
2253 	 0.000000 	 1 
2254 	 0.000000 	 1 
2255 	 0.000000 	 1 
2256 	 0.000000 	 1 
2257 	 0.000000 	 1 
2258 	 0.000000 	 1 
2259 	 0.000000 	 1 
2260 	 0.000000 	 1 
2261 	 0.000000 	 1 
2262 	 0.000000 	 1 
2263 	 0.000000 	 1 
2264 	 0.000000 	 1 
2265 	 0.000000 	 1 
2266 	 0.000000 	 1 
2267 	 0.000000 	 1 
2268 	 0.000000 	 1 
2269 	 0.000000 	 1 
2270 	 0.000000 	 1 
2271 	 0.000000 	 1 
2272 	 0.000000 	 1 
2273 	 0.000000 	 1 
2274 	 0.000000 	 1 
2275 	 0.000000 	 1 
2276 	 0.000000 	 1 
2277 	 0.000000 	 1 
2278 	 0.000000 	 1 
2279 	 0.000000 	 1 
2280 	 0.000000 	 1 
2281 	 0.000000 	 1 
2282 	 0.000000 	 1 
2283 	 0.000000 	 1 
2284 	 0.000000 	 1 
2285 	 0.000000 	 1 
2286 	 0.000000 	 1 
2287 	 0.000000 	 1 
2288 	 0.000000 	 1 
2289 	 0.000000 	 1 
2290 	 0.000000 	 1 
2291 	 0.000000 	 1 
2292 	 0.000000 	 1 
2293 	 0.000000 	 1 
2294 	 0.000000 	 1 
2295 	 0.000000 	 1 
2296 	 0.000000 	 1 
2297 	 0.000000 	 1 
2298 	 0.000000 	 1 
2299 	 0.000000 	 1 
2300 	 0.000000 	 1 
2301 	 0.000000 	 1 
2302 	 0.000000 	 1 
2303 	 0.000000 	 1 
2304 	 0.000000 	 1 
2305 	 0.000000 	 1 
2306 	 0.000000 	 1 
2307 	 0.000000 	 1 
2308 	 0.000000 	 1 
2309 	 0.000000 	 1 
2310 	 0.000000 	 1 
2311 	 0.000000 	 1 
2312 	 0.000000 	 1 
2313 	 0.000000 	 1 
2314 	 0.000000 	 1 
2315 	 0.000000 	 1 
2316 	 0.000000 	 1 
2317 	 0.000000 	 1 
2318 	 0.000000 	 1 
2319 	 0.000000 	 1 
2320 	 0.000000 	 1 
2321 	 0.000000 	 1 
2322 	 0.000000 	 1 
2323 	 0.000000 	 1 
2324 	 0.000000 	 1 
2325 	 0.000000 	 1 
2326 	 0.000000 	 1 
2327 	 0.000000 	 1 
2328 	 0.000000 	 1 
2329 	 0.000000 	 1 
2330 	 0.000000 	 1 
2331 	 0.000000 	 1 
2332 	 0.000000 	 1 
2333 	 0.000000 	 1 
2334 	 0.000000 	 1 
2335 	 0.000000 	 1 
2336 	 0.000000 	 1 
2337 	 0.000000 	 1 
2338 	 0.000000 	 1 
2339 	 0.000000 	 1 
2340 	 0.000000 	 1 
2341 	 0.000000 	 1 
2342 	 0.000000 	 1 
2343 	 0.000000 	 1 
2344 	 0.000000 	 1 
2345 	 0.000000 	 1 
2346 	 0.000000 	 1 
2347 	 0.000000 	 1 
2348 	 0.000000 	 1 
2349 	 0.000000 	 1 
2350 	 0.000000 	 1 
2351 	 0.000000 	 1 
2352 	 0.000000 	 1 
2353 	 0.000000 	 1 
2354 	 0.000000 	 1 
2355 	 0.000000 	 1 
2356 	 0.000000 	 1 
2357 	 0.000000 	 1 
2358 	 0.000000 	 1 
2359 	 0.000000 	 1 
2360 	 0.000000 	 1 
2361 	 0.000000 	 1 
2362 	 0.000000 	 1 
2363 	 0.000000 	 1 
2364 	 0.000000 	 1 
2365 	 0.000000 	 1 
2366 	 0.000000 	 1 
2367 	 0.000000 	 1 
2368 	 0.000000 	 1 
2369 	 0.000000 	 1 
2370 	 0.000000 	 1 
2371 	 0.000000 	 1 
2372 	 0.000000 	 1 
2373 	 0.000000 	 1 
2374 	 0.000000 	 1 
2375 	 0.000000 	 1 
2376 	 0.000000 	 1 
2377 	 0.000000 	 1 
2378 	 0.000000 	 1 
2379 	 0.000000 	 1 
2380 	 0.000000 	 1 
2381 	 0.000000 	 1 
2382 	 0.000000 	 1 
2383 	 0.000000 	 1 
2384 	 0.000000 	 1 
2385 	 0.000000 	 1 
2386 	 0.000000 	 1 
2387 	 0.000000 	 1 
2388 	 0.000000 	 1 
2389 	 0.000000 	 1 
2390 	 0.000000 	 1 
2391 	 0.000000 	 1 
2392 	 0.000000 	 1 
2393 	 0.000000 	 1 
2394 	 0.000000 	 1 
2395 	 0.000000 	 1 
2396 	 0.000000 	 1 
2397 	 0.000000 	 1 
2398 	 0.000000 	 1 
2399 	 0.000000 	 1 
2400 	 0.000000 	 1 
