#Nombre d'essais = 10000000, 
#Poids de l'erreur = 84, 
#Taille d'un bloc = 4801, 
#Poids de h = 45,
#se = 40000000,
#sH = 50000000. 
0 	 0.000000 	 1 
1 	 0.000000 	 1 
2 	 0.000000 	 1 
3 	 0.000000 	 1 
4 	 0.000000 	 1 
5 	 0.000000 	 1 
6 	 0.000000 	 1 
7 	 0.000000 	 1 
8 	 0.000000 	 1 
9 	 0.000000 	 1 
10 	 0.000000 	 1 
11 	 0.000000 	 1 
12 	 0.000000 	 1 
13 	 0.000000 	 1 
14 	 0.000000 	 1 
15 	 0.000000 	 1 
16 	 0.000000 	 1 
17 	 0.000000 	 1 
18 	 0.000000 	 1 
19 	 0.000000 	 1 
20 	 0.000000 	 1 
21 	 0.000000 	 1 
22 	 0.000000 	 1 
23 	 0.000000 	 1 
24 	 0.000000 	 1 
25 	 0.000000 	 1 
26 	 0.000000 	 1 
27 	 0.000000 	 1 
28 	 0.000000 	 1 
29 	 0.000000 	 1 
30 	 0.000000 	 1 
31 	 0.000000 	 1 
32 	 0.000000 	 1 
33 	 0.000000 	 1 
34 	 0.000000 	 1 
35 	 0.000000 	 1 
36 	 0.000000 	 1 
37 	 0.000000 	 1 
38 	 0.000000 	 1 
39 	 0.000000 	 1 
40 	 0.000000 	 1 
41 	 0.000000 	 1 
42 	 0.000000 	 1 
43 	 0.000000 	 1 
44 	 0.000000 	 1 
45 	 0.000000 	 1 
46 	 0.000000 	 1 
47 	 0.000000 	 1 
48 	 0.000000 	 1 
49 	 0.000000 	 1 
50 	 0.000000 	 1 
51 	 3.000000 	 1 
52 	 0.000000 	 1 
53 	 0.000000 	 1 
54 	 0.000000 	 1 
55 	 0.000000 	 1 
56 	 0.000000 	 1 
57 	 3.000000 	 1 
58 	 3.000000 	 1 
59 	 3.000000 	 2 
60 	 3.000000 	 1 
61 	 3.000000 	 3 
62 	 3.000000 	 1 
63 	 0.000000 	 1 
64 	 3.000000 	 2 
65 	 3.000000 	 1 
66 	 3.000000 	 2 
67 	 3.000000 	 3 
68 	 3.000000 	 4 
69 	 3.000000 	 3 
70 	 3.000000 	 6 
71 	 3.000000 	 5 
72 	 3.000000 	 2 
73 	 3.000000 	 5 
74 	 3.200000 	 10 
75 	 3.142857 	 7 
76 	 3.142857 	 14 
77 	 3.000000 	 14 
78 	 3.133333 	 15 
79 	 3.052632 	 19 
80 	 3.166667 	 12 
81 	 3.076923 	 26 
82 	 3.083333 	 24 
83 	 3.030303 	 33 
84 	 3.027778 	 36 
85 	 3.045455 	 44 
86 	 3.000000 	 51 
87 	 3.095238 	 42 
88 	 3.023256 	 43 
89 	 3.062500 	 64 
90 	 3.049383 	 81 
91 	 3.035294 	 85 
92 	 3.034483 	 87 
93 	 3.022472 	 89 
94 	 3.027027 	 111 
95 	 3.045455 	 132 
96 	 3.039683 	 126 
97 	 3.079755 	 163 
98 	 3.067485 	 163 
99 	 3.059783 	 184 
100 	 3.049505 	 202 
101 	 3.049774 	 221 
102 	 3.032727 	 275 
103 	 3.042553 	 282 
104 	 3.044025 	 318 
105 	 3.036585 	 328 
106 	 3.047887 	 355 
107 	 3.072464 	 414 
108 	 3.049217 	 447 
109 	 3.058116 	 499 
110 	 3.061082 	 573 
111 	 3.047101 	 552 
112 	 3.039074 	 691 
113 	 3.051873 	 694 
114 	 3.045685 	 788 
115 	 3.060284 	 846 
116 	 3.050439 	 912 
117 	 3.035015 	 971 
118 	 3.040250 	 1118 
119 	 3.049628 	 1209 
120 	 3.041565 	 1227 
121 	 3.056452 	 1364 
122 	 3.048252 	 1430 
123 	 3.048376 	 1509 
124 	 3.051181 	 1778 
125 	 3.058333 	 1800 
126 	 3.046997 	 1915 
127 	 3.053085 	 2091 
128 	 3.052225 	 2202 
129 	 3.041978 	 2406 
130 	 3.048161 	 2637 
131 	 3.051601 	 2810 
132 	 3.047554 	 2944 
133 	 3.053198 	 3158 
134 	 3.056665 	 3406 
135 	 3.047750 	 3623 
136 	 3.048620 	 3805 
137 	 3.048462 	 4065 
138 	 3.046959 	 4259 
139 	 3.052357 	 4603 
140 	 3.046944 	 4729 
141 	 3.050029 	 5217 
142 	 3.045802 	 5502 
143 	 3.055236 	 5920 
144 	 3.047031 	 6315 
145 	 3.045561 	 6431 
146 	 3.053291 	 6868 
147 	 3.052545 	 7270 
148 	 3.051776 	 7629 
149 	 3.048184 	 8343 
150 	 3.049281 	 8482 
151 	 3.048405 	 9152 
152 	 3.048115 	 9498 
153 	 3.049105 	 9836 
154 	 3.051652 	 10474 
155 	 3.050766 	 11031 
156 	 3.048175 	 11396 
157 	 3.045000 	 12111 
158 	 3.049527 	 12478 
159 	 3.047955 	 13325 
160 	 3.049635 	 13821 
161 	 3.048317 	 14591 
162 	 3.049142 	 15262 
163 	 3.046700 	 16017 
164 	 3.050800 	 16378 
165 	 3.046674 	 17290 
166 	 3.048360 	 17928 
167 	 3.047085 	 18711 
168 	 3.050493 	 19468 
169 	 3.047260 	 20440 
170 	 3.047941 	 20859 
171 	 3.044494 	 21868 
172 	 3.051375 	 22793 
173 	 3.047509 	 23764 
174 	 3.046701 	 24132 
175 	 3.048125 	 25683 
176 	 3.048485 	 26276 
177 	 3.048898 	 27220 
178 	 3.046065 	 28134 
179 	 3.047241 	 29064 
180 	 3.048581 	 30341 
181 	 3.046660 	 31140 
182 	 3.047734 	 32220 
183 	 3.047057 	 33194 
184 	 3.046750 	 34417 
185 	 3.046332 	 35526 
186 	 3.047799 	 36340 
187 	 3.046536 	 37648 
188 	 3.046800 	 38910 
189 	 3.047911 	 39532 
190 	 3.046459 	 40681 
191 	 3.047168 	 41405 
192 	 3.047563 	 42512 
193 	 3.047639 	 44354 
194 	 3.047168 	 45561 
195 	 3.047911 	 45835 
196 	 3.047735 	 47387 
197 	 3.046108 	 48690 
198 	 3.047718 	 49478 
199 	 3.047081 	 50997 
200 	 3.046035 	 52134 
201 	 3.047416 	 53505 
202 	 3.045606 	 53809 
203 	 3.046489 	 55196 
204 	 3.047173 	 56324 
205 	 3.045423 	 57372 
206 	 3.046636 	 58817 
207 	 3.047142 	 59586 
208 	 3.047481 	 61119 
209 	 3.045804 	 61829 
210 	 3.046518 	 63051 
211 	 3.044662 	 63679 
212 	 3.047876 	 65085 
213 	 3.046571 	 66286 
214 	 3.046254 	 66784 
215 	 3.045719 	 67980 
216 	 3.046828 	 69317 
217 	 3.046420 	 69647 
218 	 3.046436 	 70829 
219 	 3.045836 	 71669 
220 	 3.047958 	 72188 
221 	 3.047062 	 73244 
222 	 3.047034 	 74478 
223 	 3.045029 	 74863 
224 	 3.045458 	 76576 
225 	 3.045453 	 76364 
226 	 3.046960 	 77214 
227 	 3.046722 	 77779 
228 	 3.046871 	 79026 
229 	 3.043978 	 79154 
230 	 3.044586 	 80294 
231 	 3.045159 	 80404 
232 	 3.044976 	 81088 
233 	 3.045237 	 81615 
234 	 3.045579 	 81661 
235 	 3.046794 	 82276 
236 	 3.043604 	 82929 
237 	 3.045135 	 82996 
238 	 3.044545 	 83286 
239 	 3.045798 	 83869 
240 	 3.045185 	 84275 
241 	 3.045084 	 84242 
242 	 3.044805 	 84143 
243 	 3.046187 	 84353 
244 	 3.045462 	 84466 
245 	 3.045224 	 84403 
246 	 3.043759 	 84508 
247 	 3.043976 	 83933 
248 	 3.045293 	 84495 
249 	 3.045721 	 84338 
250 	 3.045753 	 84016 
251 	 3.044806 	 84073 
252 	 3.045184 	 84122 
253 	 3.045399 	 83989 
254 	 3.045179 	 83535 
255 	 3.043815 	 83145 
256 	 3.044553 	 82172 
257 	 3.044982 	 82478 
258 	 3.043562 	 81769 
259 	 3.044774 	 81341 
260 	 3.045054 	 80970 
261 	 3.044515 	 80153 
262 	 3.044581 	 79362 
263 	 3.044560 	 79264 
264 	 3.045110 	 78718 
265 	 3.044099 	 78506 
266 	 3.045320 	 77803 
267 	 3.044613 	 76391 
268 	 3.044527 	 76246 
269 	 3.043029 	 75647 
270 	 3.042822 	 75358 
271 	 3.043594 	 74069 
272 	 3.044292 	 73128 
273 	 3.043554 	 72002 
274 	 3.042530 	 71173 
275 	 3.043235 	 70638 
276 	 3.042784 	 69793 
277 	 3.043981 	 69030 
278 	 3.044194 	 67724 
279 	 3.043353 	 67170 
280 	 3.041159 	 65720 
281 	 3.043630 	 65231 
282 	 3.043026 	 64287 
283 	 3.043303 	 63483 
284 	 3.044608 	 61939 
285 	 3.042925 	 61316 
286 	 3.044401 	 60111 
287 	 3.043416 	 58895 
288 	 3.042988 	 58156 
289 	 3.042301 	 57564 
290 	 3.044740 	 55767 
291 	 3.043993 	 55122 
292 	 3.043867 	 53799 
293 	 3.043440 	 52900 
294 	 3.043643 	 51761 
295 	 3.043454 	 50835 
296 	 3.043347 	 49600 
297 	 3.042566 	 48208 
298 	 3.042137 	 47559 
299 	 3.042822 	 46939 
300 	 3.042397 	 45805 
301 	 3.042263 	 44649 
302 	 3.041192 	 43771 
303 	 3.042345 	 42791 
304 	 3.041663 	 41428 
305 	 3.041688 	 40491 
306 	 3.044174 	 39616 
307 	 3.042489 	 38645 
308 	 3.041710 	 37497 
309 	 3.043464 	 36628 
310 	 3.041979 	 35637 
311 	 3.043705 	 35076 
312 	 3.042780 	 33754 
313 	 3.041914 	 33044 
314 	 3.041084 	 32446 
315 	 3.043718 	 31177 
316 	 3.041393 	 30029 
317 	 3.043154 	 29105 
318 	 3.041317 	 28608 
319 	 3.040118 	 27718 
320 	 3.042785 	 27042 
321 	 3.042133 	 26084 
322 	 3.040733 	 25090 
323 	 3.040282 	 24378 
324 	 3.042699 	 23537 
325 	 3.042098 	 23113 
326 	 3.041069 	 21963 
327 	 3.041612 	 21244 
328 	 3.042065 	 20492 
329 	 3.042561 	 19854 
330 	 3.040570 	 19152 
331 	 3.041404 	 18525 
332 	 3.040484 	 17933 
333 	 3.039860 	 17486 
334 	 3.040292 	 16852 
335 	 3.039016 	 16019 
336 	 3.039070 	 15178 
337 	 3.041400 	 14976 
338 	 3.039751 	 14465 
339 	 3.039921 	 13702 
340 	 3.037980 	 13112 
341 	 3.039602 	 12777 
342 	 3.041694 	 12400 
343 	 3.043357 	 11832 
344 	 3.040166 	 11303 
345 	 3.040402 	 10841 
346 	 3.041524 	 10548 
347 	 3.035790 	 9919 
348 	 3.044969 	 9651 
349 	 3.038269 	 9172 
350 	 3.039879 	 8902 
351 	 3.041005 	 8560 
352 	 3.042404 	 8136 
353 	 3.040563 	 7741 
354 	 3.041605 	 7379 
355 	 3.041290 	 7072 
356 	 3.041817 	 6672 
357 	 3.046209 	 6449 
358 	 3.037724 	 6256 
359 	 3.045642 	 5806 
360 	 3.035271 	 5642 
361 	 3.034204 	 5321 
362 	 3.040862 	 4968 
363 	 3.035552 	 4838 
364 	 3.037744 	 4663 
365 	 3.035060 	 4421 
366 	 3.033779 	 4115 
367 	 3.037831 	 3965 
368 	 3.038673 	 3827 
369 	 3.038921 	 3597 
370 	 3.036325 	 3276 
371 	 3.044031 	 3225 
372 	 3.034928 	 3178 
373 	 3.044083 	 2949 
374 	 3.039143 	 2708 
375 	 3.038995 	 2667 
376 	 3.039689 	 2444 
377 	 3.035349 	 2348 
378 	 3.040658 	 2189 
379 	 3.045791 	 2162 
380 	 3.044932 	 1914 
381 	 3.039174 	 1889 
382 	 3.032334 	 1701 
383 	 3.040732 	 1694 
384 	 3.046069 	 1628 
385 	 3.032367 	 1483 
386 	 3.044267 	 1378 
387 	 3.039596 	 1288 
388 	 3.026160 	 1185 
389 	 3.031720 	 1198 
390 	 3.040962 	 1123 
391 	 3.041176 	 1020 
392 	 3.035049 	 913 
393 	 3.034225 	 935 
394 	 3.026797 	 821 
395 	 3.045679 	 810 
396 	 3.036896 	 786 
397 	 3.036061 	 721 
398 	 3.038690 	 672 
399 	 3.051402 	 642 
400 	 3.036395 	 577 
401 	 3.037168 	 565 
402 	 3.043933 	 478 
403 	 3.047809 	 502 
404 	 3.033557 	 447 
405 	 3.045673 	 416 
406 	 3.038560 	 389 
407 	 3.048023 	 354 
408 	 3.031700 	 347 
409 	 3.027273 	 330 
410 	 3.024221 	 289 
411 	 3.036364 	 275 
412 	 3.032129 	 249 
413 	 3.033195 	 241 
414 	 3.019802 	 202 
415 	 3.037383 	 214 
416 	 3.026882 	 186 
417 	 3.040000 	 175 
418 	 3.050279 	 179 
419 	 3.019608 	 153 
420 	 3.019231 	 156 
421 	 3.031746 	 126 
422 	 3.043860 	 114 
423 	 3.045455 	 110 
424 	 3.070796 	 113 
425 	 3.057471 	 87 
426 	 3.020000 	 100 
427 	 3.046512 	 86 
428 	 3.038462 	 78 
429 	 3.014493 	 69 
430 	 3.031746 	 63 
431 	 3.016949 	 59 
432 	 3.000000 	 55 
433 	 3.000000 	 44 
434 	 3.073171 	 41 
435 	 3.022222 	 45 
436 	 3.022222 	 45 
437 	 3.054054 	 37 
438 	 3.100000 	 40 
439 	 3.000000 	 32 
440 	 3.000000 	 16 
441 	 3.066667 	 30 
442 	 3.037037 	 27 
443 	 3.037037 	 27 
444 	 3.062500 	 16 
445 	 3.055556 	 18 
446 	 3.100000 	 10 
447 	 3.000000 	 20 
448 	 3.000000 	 18 
449 	 3.076923 	 13 
450 	 3.000000 	 7 
451 	 3.250000 	 12 
452 	 3.100000 	 10 
453 	 3.000000 	 11 
454 	 3.000000 	 9 
455 	 3.000000 	 10 
456 	 3.000000 	 8 
457 	 3.000000 	 9 
458 	 3.000000 	 7 
459 	 3.000000 	 3 
460 	 3.125000 	 8 
461 	 3.000000 	 2 
462 	 3.000000 	 4 
463 	 3.000000 	 6 
464 	 3.500000 	 2 
465 	 2.500000 	 2 
466 	 3.000000 	 2 
467 	 3.000000 	 3 
468 	 3.000000 	 2 
469 	 3.000000 	 2 
470 	 0.000000 	 1 
471 	 0.000000 	 1 
472 	 3.333333 	 3 
473 	 3.000000 	 1 
474 	 3.000000 	 2 
475 	 0.000000 	 1 
476 	 3.000000 	 2 
477 	 0.000000 	 1 
478 	 3.000000 	 1 
479 	 3.000000 	 1 
480 	 0.000000 	 1 
481 	 0.000000 	 1 
482 	 0.000000 	 1 
483 	 0.000000 	 1 
484 	 0.000000 	 1 
485 	 0.000000 	 1 
486 	 0.000000 	 1 
487 	 0.000000 	 1 
488 	 0.000000 	 1 
489 	 0.000000 	 1 
490 	 3.000000 	 1 
491 	 0.000000 	 1 
492 	 0.000000 	 1 
493 	 0.000000 	 1 
494 	 0.000000 	 1 
495 	 0.000000 	 1 
496 	 0.000000 	 1 
497 	 3.000000 	 1 
498 	 0.000000 	 1 
499 	 0.000000 	 1 
500 	 0.000000 	 1 
501 	 0.000000 	 1 
502 	 0.000000 	 1 
503 	 0.000000 	 1 
504 	 0.000000 	 1 
505 	 0.000000 	 1 
506 	 0.000000 	 1 
507 	 0.000000 	 1 
508 	 0.000000 	 1 
509 	 0.000000 	 1 
510 	 0.000000 	 1 
511 	 0.000000 	 1 
512 	 0.000000 	 1 
513 	 0.000000 	 1 
514 	 0.000000 	 1 
515 	 0.000000 	 1 
516 	 0.000000 	 1 
517 	 0.000000 	 1 
518 	 0.000000 	 1 
519 	 0.000000 	 1 
520 	 0.000000 	 1 
521 	 0.000000 	 1 
522 	 0.000000 	 1 
523 	 0.000000 	 1 
524 	 0.000000 	 1 
525 	 0.000000 	 1 
526 	 0.000000 	 1 
527 	 0.000000 	 1 
528 	 0.000000 	 1 
529 	 0.000000 	 1 
530 	 0.000000 	 1 
531 	 0.000000 	 1 
532 	 0.000000 	 1 
533 	 0.000000 	 1 
534 	 0.000000 	 1 
535 	 0.000000 	 1 
536 	 0.000000 	 1 
537 	 0.000000 	 1 
538 	 0.000000 	 1 
539 	 0.000000 	 1 
540 	 0.000000 	 1 
541 	 0.000000 	 1 
542 	 0.000000 	 1 
543 	 0.000000 	 1 
544 	 0.000000 	 1 
545 	 0.000000 	 1 
546 	 0.000000 	 1 
547 	 0.000000 	 1 
548 	 0.000000 	 1 
549 	 0.000000 	 1 
550 	 0.000000 	 1 
551 	 0.000000 	 1 
552 	 0.000000 	 1 
553 	 0.000000 	 1 
554 	 0.000000 	 1 
555 	 0.000000 	 1 
556 	 0.000000 	 1 
557 	 0.000000 	 1 
558 	 0.000000 	 1 
559 	 0.000000 	 1 
560 	 0.000000 	 1 
561 	 0.000000 	 1 
562 	 0.000000 	 1 
563 	 0.000000 	 1 
564 	 0.000000 	 1 
565 	 0.000000 	 1 
566 	 0.000000 	 1 
567 	 0.000000 	 1 
568 	 0.000000 	 1 
569 	 0.000000 	 1 
570 	 0.000000 	 1 
571 	 0.000000 	 1 
572 	 0.000000 	 1 
573 	 0.000000 	 1 
574 	 0.000000 	 1 
575 	 0.000000 	 1 
576 	 0.000000 	 1 
577 	 0.000000 	 1 
578 	 0.000000 	 1 
579 	 0.000000 	 1 
580 	 0.000000 	 1 
581 	 0.000000 	 1 
582 	 0.000000 	 1 
583 	 0.000000 	 1 
584 	 0.000000 	 1 
585 	 0.000000 	 1 
586 	 0.000000 	 1 
587 	 0.000000 	 1 
588 	 0.000000 	 1 
589 	 0.000000 	 1 
590 	 0.000000 	 1 
591 	 0.000000 	 1 
592 	 0.000000 	 1 
593 	 0.000000 	 1 
594 	 0.000000 	 1 
595 	 0.000000 	 1 
596 	 0.000000 	 1 
597 	 0.000000 	 1 
598 	 0.000000 	 1 
599 	 0.000000 	 1 
600 	 0.000000 	 1 
601 	 0.000000 	 1 
602 	 0.000000 	 1 
603 	 0.000000 	 1 
604 	 0.000000 	 1 
605 	 0.000000 	 1 
606 	 0.000000 	 1 
607 	 0.000000 	 1 
608 	 0.000000 	 1 
609 	 0.000000 	 1 
610 	 0.000000 	 1 
611 	 0.000000 	 1 
612 	 0.000000 	 1 
613 	 0.000000 	 1 
614 	 0.000000 	 1 
615 	 0.000000 	 1 
616 	 0.000000 	 1 
617 	 0.000000 	 1 
618 	 0.000000 	 1 
619 	 0.000000 	 1 
620 	 0.000000 	 1 
621 	 0.000000 	 1 
622 	 0.000000 	 1 
623 	 0.000000 	 1 
624 	 0.000000 	 1 
625 	 0.000000 	 1 
626 	 0.000000 	 1 
627 	 0.000000 	 1 
628 	 0.000000 	 1 
629 	 0.000000 	 1 
630 	 0.000000 	 1 
631 	 0.000000 	 1 
632 	 0.000000 	 1 
633 	 0.000000 	 1 
634 	 0.000000 	 1 
635 	 0.000000 	 1 
636 	 0.000000 	 1 
637 	 0.000000 	 1 
638 	 0.000000 	 1 
639 	 0.000000 	 1 
640 	 0.000000 	 1 
641 	 0.000000 	 1 
642 	 0.000000 	 1 
643 	 0.000000 	 1 
644 	 0.000000 	 1 
645 	 0.000000 	 1 
646 	 0.000000 	 1 
647 	 0.000000 	 1 
648 	 0.000000 	 1 
649 	 0.000000 	 1 
650 	 0.000000 	 1 
651 	 0.000000 	 1 
652 	 0.000000 	 1 
653 	 0.000000 	 1 
654 	 0.000000 	 1 
655 	 0.000000 	 1 
656 	 0.000000 	 1 
657 	 0.000000 	 1 
658 	 0.000000 	 1 
659 	 0.000000 	 1 
660 	 0.000000 	 1 
661 	 0.000000 	 1 
662 	 0.000000 	 1 
663 	 0.000000 	 1 
664 	 0.000000 	 1 
665 	 0.000000 	 1 
666 	 0.000000 	 1 
667 	 0.000000 	 1 
668 	 0.000000 	 1 
669 	 0.000000 	 1 
670 	 0.000000 	 1 
671 	 0.000000 	 1 
672 	 0.000000 	 1 
673 	 0.000000 	 1 
674 	 0.000000 	 1 
675 	 0.000000 	 1 
676 	 0.000000 	 1 
677 	 0.000000 	 1 
678 	 0.000000 	 1 
679 	 0.000000 	 1 
680 	 0.000000 	 1 
681 	 0.000000 	 1 
682 	 0.000000 	 1 
683 	 0.000000 	 1 
684 	 0.000000 	 1 
685 	 0.000000 	 1 
686 	 0.000000 	 1 
687 	 0.000000 	 1 
688 	 0.000000 	 1 
689 	 0.000000 	 1 
690 	 0.000000 	 1 
691 	 0.000000 	 1 
692 	 0.000000 	 1 
693 	 0.000000 	 1 
694 	 0.000000 	 1 
695 	 0.000000 	 1 
696 	 0.000000 	 1 
697 	 0.000000 	 1 
698 	 0.000000 	 1 
699 	 0.000000 	 1 
700 	 0.000000 	 1 
701 	 0.000000 	 1 
702 	 0.000000 	 1 
703 	 0.000000 	 1 
704 	 0.000000 	 1 
705 	 0.000000 	 1 
706 	 0.000000 	 1 
707 	 0.000000 	 1 
708 	 0.000000 	 1 
709 	 0.000000 	 1 
710 	 0.000000 	 1 
711 	 0.000000 	 1 
712 	 0.000000 	 1 
713 	 0.000000 	 1 
714 	 0.000000 	 1 
715 	 0.000000 	 1 
716 	 0.000000 	 1 
717 	 0.000000 	 1 
718 	 0.000000 	 1 
719 	 0.000000 	 1 
720 	 0.000000 	 1 
721 	 0.000000 	 1 
722 	 0.000000 	 1 
723 	 0.000000 	 1 
724 	 0.000000 	 1 
725 	 0.000000 	 1 
726 	 0.000000 	 1 
727 	 0.000000 	 1 
728 	 0.000000 	 1 
729 	 0.000000 	 1 
730 	 0.000000 	 1 
731 	 0.000000 	 1 
732 	 0.000000 	 1 
733 	 0.000000 	 1 
734 	 0.000000 	 1 
735 	 0.000000 	 1 
736 	 0.000000 	 1 
737 	 0.000000 	 1 
738 	 0.000000 	 1 
739 	 0.000000 	 1 
740 	 0.000000 	 1 
741 	 0.000000 	 1 
742 	 0.000000 	 1 
743 	 0.000000 	 1 
744 	 0.000000 	 1 
745 	 0.000000 	 1 
746 	 0.000000 	 1 
747 	 0.000000 	 1 
748 	 0.000000 	 1 
749 	 0.000000 	 1 
750 	 0.000000 	 1 
751 	 0.000000 	 1 
752 	 0.000000 	 1 
753 	 0.000000 	 1 
754 	 0.000000 	 1 
755 	 0.000000 	 1 
756 	 0.000000 	 1 
757 	 0.000000 	 1 
758 	 0.000000 	 1 
759 	 0.000000 	 1 
760 	 0.000000 	 1 
761 	 0.000000 	 1 
762 	 0.000000 	 1 
763 	 0.000000 	 1 
764 	 0.000000 	 1 
765 	 0.000000 	 1 
766 	 0.000000 	 1 
767 	 0.000000 	 1 
768 	 0.000000 	 1 
769 	 0.000000 	 1 
770 	 0.000000 	 1 
771 	 0.000000 	 1 
772 	 0.000000 	 1 
773 	 0.000000 	 1 
774 	 0.000000 	 1 
775 	 0.000000 	 1 
776 	 0.000000 	 1 
777 	 0.000000 	 1 
778 	 0.000000 	 1 
779 	 0.000000 	 1 
780 	 0.000000 	 1 
781 	 0.000000 	 1 
782 	 0.000000 	 1 
783 	 0.000000 	 1 
784 	 0.000000 	 1 
785 	 0.000000 	 1 
786 	 0.000000 	 1 
787 	 0.000000 	 1 
788 	 0.000000 	 1 
789 	 0.000000 	 1 
790 	 0.000000 	 1 
791 	 0.000000 	 1 
792 	 0.000000 	 1 
793 	 0.000000 	 1 
794 	 0.000000 	 1 
795 	 0.000000 	 1 
796 	 0.000000 	 1 
797 	 0.000000 	 1 
798 	 0.000000 	 1 
799 	 0.000000 	 1 
800 	 0.000000 	 1 
801 	 0.000000 	 1 
802 	 0.000000 	 1 
803 	 0.000000 	 1 
804 	 0.000000 	 1 
805 	 0.000000 	 1 
806 	 0.000000 	 1 
807 	 0.000000 	 1 
808 	 0.000000 	 1 
809 	 0.000000 	 1 
810 	 0.000000 	 1 
811 	 0.000000 	 1 
812 	 0.000000 	 1 
813 	 0.000000 	 1 
814 	 0.000000 	 1 
815 	 0.000000 	 1 
816 	 0.000000 	 1 
817 	 0.000000 	 1 
818 	 0.000000 	 1 
819 	 0.000000 	 1 
820 	 0.000000 	 1 
821 	 0.000000 	 1 
822 	 0.000000 	 1 
823 	 0.000000 	 1 
824 	 0.000000 	 1 
825 	 0.000000 	 1 
826 	 0.000000 	 1 
827 	 0.000000 	 1 
828 	 0.000000 	 1 
829 	 0.000000 	 1 
830 	 0.000000 	 1 
831 	 0.000000 	 1 
832 	 0.000000 	 1 
833 	 0.000000 	 1 
834 	 0.000000 	 1 
835 	 0.000000 	 1 
836 	 0.000000 	 1 
837 	 0.000000 	 1 
838 	 0.000000 	 1 
839 	 0.000000 	 1 
840 	 0.000000 	 1 
841 	 0.000000 	 1 
842 	 0.000000 	 1 
843 	 0.000000 	 1 
844 	 0.000000 	 1 
845 	 0.000000 	 1 
846 	 0.000000 	 1 
847 	 0.000000 	 1 
848 	 0.000000 	 1 
849 	 0.000000 	 1 
850 	 0.000000 	 1 
851 	 0.000000 	 1 
852 	 0.000000 	 1 
853 	 0.000000 	 1 
854 	 0.000000 	 1 
855 	 0.000000 	 1 
856 	 0.000000 	 1 
857 	 0.000000 	 1 
858 	 0.000000 	 1 
859 	 0.000000 	 1 
860 	 0.000000 	 1 
861 	 0.000000 	 1 
862 	 0.000000 	 1 
863 	 0.000000 	 1 
864 	 0.000000 	 1 
865 	 0.000000 	 1 
866 	 0.000000 	 1 
867 	 0.000000 	 1 
868 	 0.000000 	 1 
869 	 0.000000 	 1 
870 	 0.000000 	 1 
871 	 0.000000 	 1 
872 	 0.000000 	 1 
873 	 0.000000 	 1 
874 	 0.000000 	 1 
875 	 0.000000 	 1 
876 	 0.000000 	 1 
877 	 0.000000 	 1 
878 	 0.000000 	 1 
879 	 0.000000 	 1 
880 	 0.000000 	 1 
881 	 0.000000 	 1 
882 	 0.000000 	 1 
883 	 0.000000 	 1 
884 	 0.000000 	 1 
885 	 0.000000 	 1 
886 	 0.000000 	 1 
887 	 0.000000 	 1 
888 	 0.000000 	 1 
889 	 0.000000 	 1 
890 	 0.000000 	 1 
891 	 0.000000 	 1 
892 	 0.000000 	 1 
893 	 0.000000 	 1 
894 	 0.000000 	 1 
895 	 0.000000 	 1 
896 	 0.000000 	 1 
897 	 0.000000 	 1 
898 	 0.000000 	 1 
899 	 0.000000 	 1 
900 	 0.000000 	 1 
901 	 0.000000 	 1 
902 	 0.000000 	 1 
903 	 0.000000 	 1 
904 	 0.000000 	 1 
905 	 0.000000 	 1 
906 	 0.000000 	 1 
907 	 0.000000 	 1 
908 	 0.000000 	 1 
909 	 0.000000 	 1 
910 	 0.000000 	 1 
911 	 0.000000 	 1 
912 	 0.000000 	 1 
913 	 0.000000 	 1 
914 	 0.000000 	 1 
915 	 0.000000 	 1 
916 	 0.000000 	 1 
917 	 0.000000 	 1 
918 	 0.000000 	 1 
919 	 0.000000 	 1 
920 	 0.000000 	 1 
921 	 0.000000 	 1 
922 	 0.000000 	 1 
923 	 0.000000 	 1 
924 	 0.000000 	 1 
925 	 0.000000 	 1 
926 	 0.000000 	 1 
927 	 0.000000 	 1 
928 	 0.000000 	 1 
929 	 0.000000 	 1 
930 	 0.000000 	 1 
931 	 0.000000 	 1 
932 	 0.000000 	 1 
933 	 0.000000 	 1 
934 	 0.000000 	 1 
935 	 0.000000 	 1 
936 	 0.000000 	 1 
937 	 0.000000 	 1 
938 	 0.000000 	 1 
939 	 0.000000 	 1 
940 	 0.000000 	 1 
941 	 0.000000 	 1 
942 	 0.000000 	 1 
943 	 0.000000 	 1 
944 	 0.000000 	 1 
945 	 0.000000 	 1 
946 	 0.000000 	 1 
947 	 0.000000 	 1 
948 	 0.000000 	 1 
949 	 0.000000 	 1 
950 	 0.000000 	 1 
951 	 0.000000 	 1 
952 	 0.000000 	 1 
953 	 0.000000 	 1 
954 	 0.000000 	 1 
955 	 0.000000 	 1 
956 	 0.000000 	 1 
957 	 0.000000 	 1 
958 	 0.000000 	 1 
959 	 0.000000 	 1 
960 	 0.000000 	 1 
961 	 0.000000 	 1 
962 	 0.000000 	 1 
963 	 0.000000 	 1 
964 	 0.000000 	 1 
965 	 0.000000 	 1 
966 	 0.000000 	 1 
967 	 0.000000 	 1 
968 	 0.000000 	 1 
969 	 0.000000 	 1 
970 	 0.000000 	 1 
971 	 0.000000 	 1 
972 	 0.000000 	 1 
973 	 0.000000 	 1 
974 	 0.000000 	 1 
975 	 0.000000 	 1 
976 	 0.000000 	 1 
977 	 0.000000 	 1 
978 	 0.000000 	 1 
979 	 0.000000 	 1 
980 	 0.000000 	 1 
981 	 0.000000 	 1 
982 	 0.000000 	 1 
983 	 0.000000 	 1 
984 	 0.000000 	 1 
985 	 0.000000 	 1 
986 	 0.000000 	 1 
987 	 0.000000 	 1 
988 	 0.000000 	 1 
989 	 0.000000 	 1 
990 	 0.000000 	 1 
991 	 0.000000 	 1 
992 	 0.000000 	 1 
993 	 0.000000 	 1 
994 	 0.000000 	 1 
995 	 0.000000 	 1 
996 	 0.000000 	 1 
997 	 0.000000 	 1 
998 	 0.000000 	 1 
999 	 0.000000 	 1 
1000 	 0.000000 	 1 
1001 	 0.000000 	 1 
1002 	 0.000000 	 1 
1003 	 0.000000 	 1 
1004 	 0.000000 	 1 
1005 	 0.000000 	 1 
1006 	 0.000000 	 1 
1007 	 0.000000 	 1 
1008 	 0.000000 	 1 
1009 	 0.000000 	 1 
1010 	 0.000000 	 1 
1011 	 0.000000 	 1 
1012 	 0.000000 	 1 
1013 	 0.000000 	 1 
1014 	 0.000000 	 1 
1015 	 0.000000 	 1 
1016 	 0.000000 	 1 
1017 	 0.000000 	 1 
1018 	 0.000000 	 1 
1019 	 0.000000 	 1 
1020 	 0.000000 	 1 
1021 	 0.000000 	 1 
1022 	 0.000000 	 1 
1023 	 0.000000 	 1 
1024 	 0.000000 	 1 
1025 	 0.000000 	 1 
1026 	 0.000000 	 1 
1027 	 0.000000 	 1 
1028 	 0.000000 	 1 
1029 	 0.000000 	 1 
1030 	 0.000000 	 1 
1031 	 0.000000 	 1 
1032 	 0.000000 	 1 
1033 	 0.000000 	 1 
1034 	 0.000000 	 1 
1035 	 0.000000 	 1 
1036 	 0.000000 	 1 
1037 	 0.000000 	 1 
1038 	 0.000000 	 1 
1039 	 0.000000 	 1 
1040 	 0.000000 	 1 
1041 	 0.000000 	 1 
1042 	 0.000000 	 1 
1043 	 0.000000 	 1 
1044 	 0.000000 	 1 
1045 	 0.000000 	 1 
1046 	 0.000000 	 1 
1047 	 0.000000 	 1 
1048 	 0.000000 	 1 
1049 	 0.000000 	 1 
1050 	 0.000000 	 1 
1051 	 0.000000 	 1 
1052 	 0.000000 	 1 
1053 	 0.000000 	 1 
1054 	 0.000000 	 1 
1055 	 0.000000 	 1 
1056 	 0.000000 	 1 
1057 	 0.000000 	 1 
1058 	 0.000000 	 1 
1059 	 0.000000 	 1 
1060 	 0.000000 	 1 
1061 	 0.000000 	 1 
1062 	 0.000000 	 1 
1063 	 0.000000 	 1 
1064 	 0.000000 	 1 
1065 	 0.000000 	 1 
1066 	 0.000000 	 1 
1067 	 0.000000 	 1 
1068 	 0.000000 	 1 
1069 	 0.000000 	 1 
1070 	 0.000000 	 1 
1071 	 0.000000 	 1 
1072 	 0.000000 	 1 
1073 	 0.000000 	 1 
1074 	 0.000000 	 1 
1075 	 0.000000 	 1 
1076 	 0.000000 	 1 
1077 	 0.000000 	 1 
1078 	 0.000000 	 1 
1079 	 0.000000 	 1 
1080 	 0.000000 	 1 
1081 	 0.000000 	 1 
1082 	 0.000000 	 1 
1083 	 0.000000 	 1 
1084 	 0.000000 	 1 
1085 	 0.000000 	 1 
1086 	 0.000000 	 1 
1087 	 0.000000 	 1 
1088 	 0.000000 	 1 
1089 	 0.000000 	 1 
1090 	 0.000000 	 1 
1091 	 0.000000 	 1 
1092 	 0.000000 	 1 
1093 	 0.000000 	 1 
1094 	 0.000000 	 1 
1095 	 0.000000 	 1 
1096 	 0.000000 	 1 
1097 	 0.000000 	 1 
1098 	 0.000000 	 1 
1099 	 0.000000 	 1 
1100 	 0.000000 	 1 
1101 	 0.000000 	 1 
1102 	 0.000000 	 1 
1103 	 0.000000 	 1 
1104 	 0.000000 	 1 
1105 	 0.000000 	 1 
1106 	 0.000000 	 1 
1107 	 0.000000 	 1 
1108 	 0.000000 	 1 
1109 	 0.000000 	 1 
1110 	 0.000000 	 1 
1111 	 0.000000 	 1 
1112 	 0.000000 	 1 
1113 	 0.000000 	 1 
1114 	 0.000000 	 1 
1115 	 0.000000 	 1 
1116 	 0.000000 	 1 
1117 	 0.000000 	 1 
1118 	 0.000000 	 1 
1119 	 0.000000 	 1 
1120 	 0.000000 	 1 
1121 	 0.000000 	 1 
1122 	 0.000000 	 1 
1123 	 0.000000 	 1 
1124 	 0.000000 	 1 
1125 	 0.000000 	 1 
1126 	 0.000000 	 1 
1127 	 0.000000 	 1 
1128 	 0.000000 	 1 
1129 	 0.000000 	 1 
1130 	 0.000000 	 1 
1131 	 0.000000 	 1 
1132 	 0.000000 	 1 
1133 	 0.000000 	 1 
1134 	 0.000000 	 1 
1135 	 0.000000 	 1 
1136 	 0.000000 	 1 
1137 	 0.000000 	 1 
1138 	 0.000000 	 1 
1139 	 0.000000 	 1 
1140 	 0.000000 	 1 
1141 	 0.000000 	 1 
1142 	 0.000000 	 1 
1143 	 0.000000 	 1 
1144 	 0.000000 	 1 
1145 	 0.000000 	 1 
1146 	 0.000000 	 1 
1147 	 0.000000 	 1 
1148 	 0.000000 	 1 
1149 	 0.000000 	 1 
1150 	 0.000000 	 1 
1151 	 0.000000 	 1 
1152 	 0.000000 	 1 
1153 	 0.000000 	 1 
1154 	 0.000000 	 1 
1155 	 0.000000 	 1 
1156 	 0.000000 	 1 
1157 	 0.000000 	 1 
1158 	 0.000000 	 1 
1159 	 0.000000 	 1 
1160 	 0.000000 	 1 
1161 	 0.000000 	 1 
1162 	 0.000000 	 1 
1163 	 0.000000 	 1 
1164 	 0.000000 	 1 
1165 	 0.000000 	 1 
1166 	 0.000000 	 1 
1167 	 0.000000 	 1 
1168 	 0.000000 	 1 
1169 	 0.000000 	 1 
1170 	 0.000000 	 1 
1171 	 0.000000 	 1 
1172 	 0.000000 	 1 
1173 	 0.000000 	 1 
1174 	 0.000000 	 1 
1175 	 0.000000 	 1 
1176 	 0.000000 	 1 
1177 	 0.000000 	 1 
1178 	 0.000000 	 1 
1179 	 0.000000 	 1 
1180 	 0.000000 	 1 
1181 	 0.000000 	 1 
1182 	 0.000000 	 1 
1183 	 0.000000 	 1 
1184 	 0.000000 	 1 
1185 	 0.000000 	 1 
1186 	 0.000000 	 1 
1187 	 0.000000 	 1 
1188 	 0.000000 	 1 
1189 	 0.000000 	 1 
1190 	 0.000000 	 1 
1191 	 0.000000 	 1 
1192 	 0.000000 	 1 
1193 	 0.000000 	 1 
1194 	 0.000000 	 1 
1195 	 0.000000 	 1 
1196 	 0.000000 	 1 
1197 	 0.000000 	 1 
1198 	 0.000000 	 1 
1199 	 0.000000 	 1 
1200 	 0.000000 	 1 
1201 	 0.000000 	 1 
1202 	 0.000000 	 1 
1203 	 0.000000 	 1 
1204 	 0.000000 	 1 
1205 	 0.000000 	 1 
1206 	 0.000000 	 1 
1207 	 0.000000 	 1 
1208 	 0.000000 	 1 
1209 	 0.000000 	 1 
1210 	 0.000000 	 1 
1211 	 0.000000 	 1 
1212 	 0.000000 	 1 
1213 	 0.000000 	 1 
1214 	 0.000000 	 1 
1215 	 0.000000 	 1 
1216 	 0.000000 	 1 
1217 	 0.000000 	 1 
1218 	 0.000000 	 1 
1219 	 0.000000 	 1 
1220 	 0.000000 	 1 
1221 	 0.000000 	 1 
1222 	 0.000000 	 1 
1223 	 0.000000 	 1 
1224 	 0.000000 	 1 
1225 	 0.000000 	 1 
1226 	 0.000000 	 1 
1227 	 0.000000 	 1 
1228 	 0.000000 	 1 
1229 	 0.000000 	 1 
1230 	 0.000000 	 1 
1231 	 0.000000 	 1 
1232 	 0.000000 	 1 
1233 	 0.000000 	 1 
1234 	 0.000000 	 1 
1235 	 0.000000 	 1 
1236 	 0.000000 	 1 
1237 	 0.000000 	 1 
1238 	 0.000000 	 1 
1239 	 0.000000 	 1 
1240 	 0.000000 	 1 
1241 	 0.000000 	 1 
1242 	 0.000000 	 1 
1243 	 0.000000 	 1 
1244 	 0.000000 	 1 
1245 	 0.000000 	 1 
1246 	 0.000000 	 1 
1247 	 0.000000 	 1 
1248 	 0.000000 	 1 
1249 	 0.000000 	 1 
1250 	 0.000000 	 1 
1251 	 0.000000 	 1 
1252 	 0.000000 	 1 
1253 	 0.000000 	 1 
1254 	 0.000000 	 1 
1255 	 0.000000 	 1 
1256 	 0.000000 	 1 
1257 	 0.000000 	 1 
1258 	 0.000000 	 1 
1259 	 0.000000 	 1 
1260 	 0.000000 	 1 
1261 	 0.000000 	 1 
1262 	 0.000000 	 1 
1263 	 0.000000 	 1 
1264 	 0.000000 	 1 
1265 	 0.000000 	 1 
1266 	 0.000000 	 1 
1267 	 0.000000 	 1 
1268 	 0.000000 	 1 
1269 	 0.000000 	 1 
1270 	 0.000000 	 1 
1271 	 0.000000 	 1 
1272 	 0.000000 	 1 
1273 	 0.000000 	 1 
1274 	 0.000000 	 1 
1275 	 0.000000 	 1 
1276 	 0.000000 	 1 
1277 	 0.000000 	 1 
1278 	 0.000000 	 1 
1279 	 0.000000 	 1 
1280 	 0.000000 	 1 
1281 	 0.000000 	 1 
1282 	 0.000000 	 1 
1283 	 0.000000 	 1 
1284 	 0.000000 	 1 
1285 	 0.000000 	 1 
1286 	 0.000000 	 1 
1287 	 0.000000 	 1 
1288 	 0.000000 	 1 
1289 	 0.000000 	 1 
1290 	 0.000000 	 1 
1291 	 0.000000 	 1 
1292 	 0.000000 	 1 
1293 	 0.000000 	 1 
1294 	 0.000000 	 1 
1295 	 0.000000 	 1 
1296 	 0.000000 	 1 
1297 	 0.000000 	 1 
1298 	 0.000000 	 1 
1299 	 0.000000 	 1 
1300 	 0.000000 	 1 
1301 	 0.000000 	 1 
1302 	 0.000000 	 1 
1303 	 0.000000 	 1 
1304 	 0.000000 	 1 
1305 	 0.000000 	 1 
1306 	 0.000000 	 1 
1307 	 0.000000 	 1 
1308 	 0.000000 	 1 
1309 	 0.000000 	 1 
1310 	 0.000000 	 1 
1311 	 0.000000 	 1 
1312 	 0.000000 	 1 
1313 	 0.000000 	 1 
1314 	 0.000000 	 1 
1315 	 0.000000 	 1 
1316 	 0.000000 	 1 
1317 	 0.000000 	 1 
1318 	 0.000000 	 1 
1319 	 0.000000 	 1 
1320 	 0.000000 	 1 
1321 	 0.000000 	 1 
1322 	 0.000000 	 1 
1323 	 0.000000 	 1 
1324 	 0.000000 	 1 
1325 	 0.000000 	 1 
1326 	 0.000000 	 1 
1327 	 0.000000 	 1 
1328 	 0.000000 	 1 
1329 	 0.000000 	 1 
1330 	 0.000000 	 1 
1331 	 0.000000 	 1 
1332 	 0.000000 	 1 
1333 	 0.000000 	 1 
1334 	 0.000000 	 1 
1335 	 0.000000 	 1 
1336 	 0.000000 	 1 
1337 	 0.000000 	 1 
1338 	 0.000000 	 1 
1339 	 0.000000 	 1 
1340 	 0.000000 	 1 
1341 	 0.000000 	 1 
1342 	 0.000000 	 1 
1343 	 0.000000 	 1 
1344 	 0.000000 	 1 
1345 	 0.000000 	 1 
1346 	 0.000000 	 1 
1347 	 0.000000 	 1 
1348 	 0.000000 	 1 
1349 	 0.000000 	 1 
1350 	 0.000000 	 1 
1351 	 0.000000 	 1 
1352 	 0.000000 	 1 
1353 	 0.000000 	 1 
1354 	 0.000000 	 1 
1355 	 0.000000 	 1 
1356 	 0.000000 	 1 
1357 	 0.000000 	 1 
1358 	 0.000000 	 1 
1359 	 0.000000 	 1 
1360 	 0.000000 	 1 
1361 	 0.000000 	 1 
1362 	 0.000000 	 1 
1363 	 0.000000 	 1 
1364 	 0.000000 	 1 
1365 	 0.000000 	 1 
1366 	 0.000000 	 1 
1367 	 0.000000 	 1 
1368 	 0.000000 	 1 
1369 	 0.000000 	 1 
1370 	 0.000000 	 1 
1371 	 0.000000 	 1 
1372 	 0.000000 	 1 
1373 	 0.000000 	 1 
1374 	 0.000000 	 1 
1375 	 0.000000 	 1 
1376 	 0.000000 	 1 
1377 	 0.000000 	 1 
1378 	 0.000000 	 1 
1379 	 0.000000 	 1 
1380 	 0.000000 	 1 
1381 	 0.000000 	 1 
1382 	 0.000000 	 1 
1383 	 0.000000 	 1 
1384 	 0.000000 	 1 
1385 	 0.000000 	 1 
1386 	 0.000000 	 1 
1387 	 0.000000 	 1 
1388 	 0.000000 	 1 
1389 	 0.000000 	 1 
1390 	 0.000000 	 1 
1391 	 0.000000 	 1 
1392 	 0.000000 	 1 
1393 	 0.000000 	 1 
1394 	 0.000000 	 1 
1395 	 0.000000 	 1 
1396 	 0.000000 	 1 
1397 	 0.000000 	 1 
1398 	 0.000000 	 1 
1399 	 0.000000 	 1 
1400 	 0.000000 	 1 
1401 	 0.000000 	 1 
1402 	 0.000000 	 1 
1403 	 0.000000 	 1 
1404 	 0.000000 	 1 
1405 	 0.000000 	 1 
1406 	 0.000000 	 1 
1407 	 0.000000 	 1 
1408 	 0.000000 	 1 
1409 	 0.000000 	 1 
1410 	 0.000000 	 1 
1411 	 0.000000 	 1 
1412 	 0.000000 	 1 
1413 	 0.000000 	 1 
1414 	 0.000000 	 1 
1415 	 0.000000 	 1 
1416 	 0.000000 	 1 
1417 	 0.000000 	 1 
1418 	 0.000000 	 1 
1419 	 0.000000 	 1 
1420 	 0.000000 	 1 
1421 	 0.000000 	 1 
1422 	 0.000000 	 1 
1423 	 0.000000 	 1 
1424 	 0.000000 	 1 
1425 	 0.000000 	 1 
1426 	 0.000000 	 1 
1427 	 0.000000 	 1 
1428 	 0.000000 	 1 
1429 	 0.000000 	 1 
1430 	 0.000000 	 1 
1431 	 0.000000 	 1 
1432 	 0.000000 	 1 
1433 	 0.000000 	 1 
1434 	 0.000000 	 1 
1435 	 0.000000 	 1 
1436 	 0.000000 	 1 
1437 	 0.000000 	 1 
1438 	 0.000000 	 1 
1439 	 0.000000 	 1 
1440 	 0.000000 	 1 
1441 	 0.000000 	 1 
1442 	 0.000000 	 1 
1443 	 0.000000 	 1 
1444 	 0.000000 	 1 
1445 	 0.000000 	 1 
1446 	 0.000000 	 1 
1447 	 0.000000 	 1 
1448 	 0.000000 	 1 
1449 	 0.000000 	 1 
1450 	 0.000000 	 1 
1451 	 0.000000 	 1 
1452 	 0.000000 	 1 
1453 	 0.000000 	 1 
1454 	 0.000000 	 1 
1455 	 0.000000 	 1 
1456 	 0.000000 	 1 
1457 	 0.000000 	 1 
1458 	 0.000000 	 1 
1459 	 0.000000 	 1 
1460 	 0.000000 	 1 
1461 	 0.000000 	 1 
1462 	 0.000000 	 1 
1463 	 0.000000 	 1 
1464 	 0.000000 	 1 
1465 	 0.000000 	 1 
1466 	 0.000000 	 1 
1467 	 0.000000 	 1 
1468 	 0.000000 	 1 
1469 	 0.000000 	 1 
1470 	 0.000000 	 1 
1471 	 0.000000 	 1 
1472 	 0.000000 	 1 
1473 	 0.000000 	 1 
1474 	 0.000000 	 1 
1475 	 0.000000 	 1 
1476 	 0.000000 	 1 
1477 	 0.000000 	 1 
1478 	 0.000000 	 1 
1479 	 0.000000 	 1 
1480 	 0.000000 	 1 
1481 	 0.000000 	 1 
1482 	 0.000000 	 1 
1483 	 0.000000 	 1 
1484 	 0.000000 	 1 
1485 	 0.000000 	 1 
1486 	 0.000000 	 1 
1487 	 0.000000 	 1 
1488 	 0.000000 	 1 
1489 	 0.000000 	 1 
1490 	 0.000000 	 1 
1491 	 0.000000 	 1 
1492 	 0.000000 	 1 
1493 	 0.000000 	 1 
1494 	 0.000000 	 1 
1495 	 0.000000 	 1 
1496 	 0.000000 	 1 
1497 	 0.000000 	 1 
1498 	 0.000000 	 1 
1499 	 0.000000 	 1 
1500 	 0.000000 	 1 
1501 	 0.000000 	 1 
1502 	 0.000000 	 1 
1503 	 0.000000 	 1 
1504 	 0.000000 	 1 
1505 	 0.000000 	 1 
1506 	 0.000000 	 1 
1507 	 0.000000 	 1 
1508 	 0.000000 	 1 
1509 	 0.000000 	 1 
1510 	 0.000000 	 1 
1511 	 0.000000 	 1 
1512 	 0.000000 	 1 
1513 	 0.000000 	 1 
1514 	 0.000000 	 1 
1515 	 0.000000 	 1 
1516 	 0.000000 	 1 
1517 	 0.000000 	 1 
1518 	 0.000000 	 1 
1519 	 0.000000 	 1 
1520 	 0.000000 	 1 
1521 	 0.000000 	 1 
1522 	 0.000000 	 1 
1523 	 0.000000 	 1 
1524 	 0.000000 	 1 
1525 	 0.000000 	 1 
1526 	 0.000000 	 1 
1527 	 0.000000 	 1 
1528 	 0.000000 	 1 
1529 	 0.000000 	 1 
1530 	 0.000000 	 1 
1531 	 0.000000 	 1 
1532 	 0.000000 	 1 
1533 	 0.000000 	 1 
1534 	 0.000000 	 1 
1535 	 0.000000 	 1 
1536 	 0.000000 	 1 
1537 	 0.000000 	 1 
1538 	 0.000000 	 1 
1539 	 0.000000 	 1 
1540 	 0.000000 	 1 
1541 	 0.000000 	 1 
1542 	 0.000000 	 1 
1543 	 0.000000 	 1 
1544 	 0.000000 	 1 
1545 	 0.000000 	 1 
1546 	 0.000000 	 1 
1547 	 0.000000 	 1 
1548 	 0.000000 	 1 
1549 	 0.000000 	 1 
1550 	 0.000000 	 1 
1551 	 0.000000 	 1 
1552 	 0.000000 	 1 
1553 	 0.000000 	 1 
1554 	 0.000000 	 1 
1555 	 0.000000 	 1 
1556 	 0.000000 	 1 
1557 	 0.000000 	 1 
1558 	 0.000000 	 1 
1559 	 0.000000 	 1 
1560 	 0.000000 	 1 
1561 	 0.000000 	 1 
1562 	 0.000000 	 1 
1563 	 0.000000 	 1 
1564 	 0.000000 	 1 
1565 	 0.000000 	 1 
1566 	 0.000000 	 1 
1567 	 0.000000 	 1 
1568 	 0.000000 	 1 
1569 	 0.000000 	 1 
1570 	 0.000000 	 1 
1571 	 0.000000 	 1 
1572 	 0.000000 	 1 
1573 	 0.000000 	 1 
1574 	 0.000000 	 1 
1575 	 0.000000 	 1 
1576 	 0.000000 	 1 
1577 	 0.000000 	 1 
1578 	 0.000000 	 1 
1579 	 0.000000 	 1 
1580 	 0.000000 	 1 
1581 	 0.000000 	 1 
1582 	 0.000000 	 1 
1583 	 0.000000 	 1 
1584 	 0.000000 	 1 
1585 	 0.000000 	 1 
1586 	 0.000000 	 1 
1587 	 0.000000 	 1 
1588 	 0.000000 	 1 
1589 	 0.000000 	 1 
1590 	 0.000000 	 1 
1591 	 0.000000 	 1 
1592 	 0.000000 	 1 
1593 	 0.000000 	 1 
1594 	 0.000000 	 1 
1595 	 0.000000 	 1 
1596 	 0.000000 	 1 
1597 	 0.000000 	 1 
1598 	 0.000000 	 1 
1599 	 0.000000 	 1 
1600 	 0.000000 	 1 
1601 	 0.000000 	 1 
1602 	 0.000000 	 1 
1603 	 0.000000 	 1 
1604 	 0.000000 	 1 
1605 	 0.000000 	 1 
1606 	 0.000000 	 1 
1607 	 0.000000 	 1 
1608 	 0.000000 	 1 
1609 	 0.000000 	 1 
1610 	 0.000000 	 1 
1611 	 0.000000 	 1 
1612 	 0.000000 	 1 
1613 	 0.000000 	 1 
1614 	 0.000000 	 1 
1615 	 0.000000 	 1 
1616 	 0.000000 	 1 
1617 	 0.000000 	 1 
1618 	 0.000000 	 1 
1619 	 0.000000 	 1 
1620 	 0.000000 	 1 
1621 	 0.000000 	 1 
1622 	 0.000000 	 1 
1623 	 0.000000 	 1 
1624 	 0.000000 	 1 
1625 	 0.000000 	 1 
1626 	 0.000000 	 1 
1627 	 0.000000 	 1 
1628 	 0.000000 	 1 
1629 	 0.000000 	 1 
1630 	 0.000000 	 1 
1631 	 0.000000 	 1 
1632 	 0.000000 	 1 
1633 	 0.000000 	 1 
1634 	 0.000000 	 1 
1635 	 0.000000 	 1 
1636 	 0.000000 	 1 
1637 	 0.000000 	 1 
1638 	 0.000000 	 1 
1639 	 0.000000 	 1 
1640 	 0.000000 	 1 
1641 	 0.000000 	 1 
1642 	 0.000000 	 1 
1643 	 0.000000 	 1 
1644 	 0.000000 	 1 
1645 	 0.000000 	 1 
1646 	 0.000000 	 1 
1647 	 0.000000 	 1 
1648 	 0.000000 	 1 
1649 	 0.000000 	 1 
1650 	 0.000000 	 1 
1651 	 0.000000 	 1 
1652 	 0.000000 	 1 
1653 	 0.000000 	 1 
1654 	 0.000000 	 1 
1655 	 0.000000 	 1 
1656 	 0.000000 	 1 
1657 	 0.000000 	 1 
1658 	 0.000000 	 1 
1659 	 0.000000 	 1 
1660 	 0.000000 	 1 
1661 	 0.000000 	 1 
1662 	 0.000000 	 1 
1663 	 0.000000 	 1 
1664 	 0.000000 	 1 
1665 	 0.000000 	 1 
1666 	 0.000000 	 1 
1667 	 0.000000 	 1 
1668 	 0.000000 	 1 
1669 	 0.000000 	 1 
1670 	 0.000000 	 1 
1671 	 0.000000 	 1 
1672 	 0.000000 	 1 
1673 	 0.000000 	 1 
1674 	 0.000000 	 1 
1675 	 0.000000 	 1 
1676 	 0.000000 	 1 
1677 	 0.000000 	 1 
1678 	 0.000000 	 1 
1679 	 0.000000 	 1 
1680 	 0.000000 	 1 
1681 	 0.000000 	 1 
1682 	 0.000000 	 1 
1683 	 0.000000 	 1 
1684 	 0.000000 	 1 
1685 	 0.000000 	 1 
1686 	 0.000000 	 1 
1687 	 0.000000 	 1 
1688 	 0.000000 	 1 
1689 	 0.000000 	 1 
1690 	 0.000000 	 1 
1691 	 0.000000 	 1 
1692 	 0.000000 	 1 
1693 	 0.000000 	 1 
1694 	 0.000000 	 1 
1695 	 0.000000 	 1 
1696 	 0.000000 	 1 
1697 	 0.000000 	 1 
1698 	 0.000000 	 1 
1699 	 0.000000 	 1 
1700 	 0.000000 	 1 
1701 	 0.000000 	 1 
1702 	 0.000000 	 1 
1703 	 0.000000 	 1 
1704 	 0.000000 	 1 
1705 	 0.000000 	 1 
1706 	 0.000000 	 1 
1707 	 0.000000 	 1 
1708 	 0.000000 	 1 
1709 	 0.000000 	 1 
1710 	 0.000000 	 1 
1711 	 0.000000 	 1 
1712 	 0.000000 	 1 
1713 	 0.000000 	 1 
1714 	 0.000000 	 1 
1715 	 0.000000 	 1 
1716 	 0.000000 	 1 
1717 	 0.000000 	 1 
1718 	 0.000000 	 1 
1719 	 0.000000 	 1 
1720 	 0.000000 	 1 
1721 	 0.000000 	 1 
1722 	 0.000000 	 1 
1723 	 0.000000 	 1 
1724 	 0.000000 	 1 
1725 	 0.000000 	 1 
1726 	 0.000000 	 1 
1727 	 0.000000 	 1 
1728 	 0.000000 	 1 
1729 	 0.000000 	 1 
1730 	 0.000000 	 1 
1731 	 0.000000 	 1 
1732 	 0.000000 	 1 
1733 	 0.000000 	 1 
1734 	 0.000000 	 1 
1735 	 0.000000 	 1 
1736 	 0.000000 	 1 
1737 	 0.000000 	 1 
1738 	 0.000000 	 1 
1739 	 0.000000 	 1 
1740 	 0.000000 	 1 
1741 	 0.000000 	 1 
1742 	 0.000000 	 1 
1743 	 0.000000 	 1 
1744 	 0.000000 	 1 
1745 	 0.000000 	 1 
1746 	 0.000000 	 1 
1747 	 0.000000 	 1 
1748 	 0.000000 	 1 
1749 	 0.000000 	 1 
1750 	 0.000000 	 1 
1751 	 0.000000 	 1 
1752 	 0.000000 	 1 
1753 	 0.000000 	 1 
1754 	 0.000000 	 1 
1755 	 0.000000 	 1 
1756 	 0.000000 	 1 
1757 	 0.000000 	 1 
1758 	 0.000000 	 1 
1759 	 0.000000 	 1 
1760 	 0.000000 	 1 
1761 	 0.000000 	 1 
1762 	 0.000000 	 1 
1763 	 0.000000 	 1 
1764 	 0.000000 	 1 
1765 	 0.000000 	 1 
1766 	 0.000000 	 1 
1767 	 0.000000 	 1 
1768 	 0.000000 	 1 
1769 	 0.000000 	 1 
1770 	 0.000000 	 1 
1771 	 0.000000 	 1 
1772 	 0.000000 	 1 
1773 	 0.000000 	 1 
1774 	 0.000000 	 1 
1775 	 0.000000 	 1 
1776 	 0.000000 	 1 
1777 	 0.000000 	 1 
1778 	 0.000000 	 1 
1779 	 0.000000 	 1 
1780 	 0.000000 	 1 
1781 	 0.000000 	 1 
1782 	 0.000000 	 1 
1783 	 0.000000 	 1 
1784 	 0.000000 	 1 
1785 	 0.000000 	 1 
1786 	 0.000000 	 1 
1787 	 0.000000 	 1 
1788 	 0.000000 	 1 
1789 	 0.000000 	 1 
1790 	 0.000000 	 1 
1791 	 0.000000 	 1 
1792 	 0.000000 	 1 
1793 	 0.000000 	 1 
1794 	 0.000000 	 1 
1795 	 0.000000 	 1 
1796 	 0.000000 	 1 
1797 	 0.000000 	 1 
1798 	 0.000000 	 1 
1799 	 0.000000 	 1 
1800 	 0.000000 	 1 
1801 	 0.000000 	 1 
1802 	 0.000000 	 1 
1803 	 0.000000 	 1 
1804 	 0.000000 	 1 
1805 	 0.000000 	 1 
1806 	 0.000000 	 1 
1807 	 0.000000 	 1 
1808 	 0.000000 	 1 
1809 	 0.000000 	 1 
1810 	 0.000000 	 1 
1811 	 0.000000 	 1 
1812 	 0.000000 	 1 
1813 	 0.000000 	 1 
1814 	 0.000000 	 1 
1815 	 0.000000 	 1 
1816 	 0.000000 	 1 
1817 	 0.000000 	 1 
1818 	 0.000000 	 1 
1819 	 0.000000 	 1 
1820 	 0.000000 	 1 
1821 	 0.000000 	 1 
1822 	 0.000000 	 1 
1823 	 0.000000 	 1 
1824 	 0.000000 	 1 
1825 	 0.000000 	 1 
1826 	 0.000000 	 1 
1827 	 0.000000 	 1 
1828 	 0.000000 	 1 
1829 	 0.000000 	 1 
1830 	 0.000000 	 1 
1831 	 0.000000 	 1 
1832 	 0.000000 	 1 
1833 	 0.000000 	 1 
1834 	 0.000000 	 1 
1835 	 0.000000 	 1 
1836 	 0.000000 	 1 
1837 	 0.000000 	 1 
1838 	 0.000000 	 1 
1839 	 0.000000 	 1 
1840 	 0.000000 	 1 
1841 	 0.000000 	 1 
1842 	 0.000000 	 1 
1843 	 0.000000 	 1 
1844 	 0.000000 	 1 
1845 	 0.000000 	 1 
1846 	 0.000000 	 1 
1847 	 0.000000 	 1 
1848 	 0.000000 	 1 
1849 	 0.000000 	 1 
1850 	 0.000000 	 1 
1851 	 0.000000 	 1 
1852 	 0.000000 	 1 
1853 	 0.000000 	 1 
1854 	 0.000000 	 1 
1855 	 0.000000 	 1 
1856 	 0.000000 	 1 
1857 	 0.000000 	 1 
1858 	 0.000000 	 1 
1859 	 0.000000 	 1 
1860 	 0.000000 	 1 
1861 	 0.000000 	 1 
1862 	 0.000000 	 1 
1863 	 0.000000 	 1 
1864 	 0.000000 	 1 
1865 	 0.000000 	 1 
1866 	 0.000000 	 1 
1867 	 0.000000 	 1 
1868 	 0.000000 	 1 
1869 	 0.000000 	 1 
1870 	 0.000000 	 1 
1871 	 0.000000 	 1 
1872 	 0.000000 	 1 
1873 	 0.000000 	 1 
1874 	 0.000000 	 1 
1875 	 0.000000 	 1 
1876 	 0.000000 	 1 
1877 	 0.000000 	 1 
1878 	 0.000000 	 1 
1879 	 0.000000 	 1 
1880 	 0.000000 	 1 
1881 	 0.000000 	 1 
1882 	 0.000000 	 1 
1883 	 0.000000 	 1 
1884 	 0.000000 	 1 
1885 	 0.000000 	 1 
1886 	 0.000000 	 1 
1887 	 0.000000 	 1 
1888 	 0.000000 	 1 
1889 	 0.000000 	 1 
1890 	 0.000000 	 1 
1891 	 0.000000 	 1 
1892 	 0.000000 	 1 
1893 	 0.000000 	 1 
1894 	 0.000000 	 1 
1895 	 0.000000 	 1 
1896 	 0.000000 	 1 
1897 	 0.000000 	 1 
1898 	 0.000000 	 1 
1899 	 0.000000 	 1 
1900 	 0.000000 	 1 
1901 	 0.000000 	 1 
1902 	 0.000000 	 1 
1903 	 0.000000 	 1 
1904 	 0.000000 	 1 
1905 	 0.000000 	 1 
1906 	 0.000000 	 1 
1907 	 0.000000 	 1 
1908 	 0.000000 	 1 
1909 	 0.000000 	 1 
1910 	 0.000000 	 1 
1911 	 0.000000 	 1 
1912 	 0.000000 	 1 
1913 	 0.000000 	 1 
1914 	 0.000000 	 1 
1915 	 0.000000 	 1 
1916 	 0.000000 	 1 
1917 	 0.000000 	 1 
1918 	 0.000000 	 1 
1919 	 0.000000 	 1 
1920 	 0.000000 	 1 
1921 	 0.000000 	 1 
1922 	 0.000000 	 1 
1923 	 0.000000 	 1 
1924 	 0.000000 	 1 
1925 	 0.000000 	 1 
1926 	 0.000000 	 1 
1927 	 0.000000 	 1 
1928 	 0.000000 	 1 
1929 	 0.000000 	 1 
1930 	 0.000000 	 1 
1931 	 0.000000 	 1 
1932 	 0.000000 	 1 
1933 	 0.000000 	 1 
1934 	 0.000000 	 1 
1935 	 0.000000 	 1 
1936 	 0.000000 	 1 
1937 	 0.000000 	 1 
1938 	 0.000000 	 1 
1939 	 0.000000 	 1 
1940 	 0.000000 	 1 
1941 	 0.000000 	 1 
1942 	 0.000000 	 1 
1943 	 0.000000 	 1 
1944 	 0.000000 	 1 
1945 	 0.000000 	 1 
1946 	 0.000000 	 1 
1947 	 0.000000 	 1 
1948 	 0.000000 	 1 
1949 	 0.000000 	 1 
1950 	 0.000000 	 1 
1951 	 0.000000 	 1 
1952 	 0.000000 	 1 
1953 	 0.000000 	 1 
1954 	 0.000000 	 1 
1955 	 0.000000 	 1 
1956 	 0.000000 	 1 
1957 	 0.000000 	 1 
1958 	 0.000000 	 1 
1959 	 0.000000 	 1 
1960 	 0.000000 	 1 
1961 	 0.000000 	 1 
1962 	 0.000000 	 1 
1963 	 0.000000 	 1 
1964 	 0.000000 	 1 
1965 	 0.000000 	 1 
1966 	 0.000000 	 1 
1967 	 0.000000 	 1 
1968 	 0.000000 	 1 
1969 	 0.000000 	 1 
1970 	 0.000000 	 1 
1971 	 0.000000 	 1 
1972 	 0.000000 	 1 
1973 	 0.000000 	 1 
1974 	 0.000000 	 1 
1975 	 0.000000 	 1 
1976 	 0.000000 	 1 
1977 	 0.000000 	 1 
1978 	 0.000000 	 1 
1979 	 0.000000 	 1 
1980 	 0.000000 	 1 
1981 	 0.000000 	 1 
1982 	 0.000000 	 1 
1983 	 0.000000 	 1 
1984 	 0.000000 	 1 
1985 	 0.000000 	 1 
1986 	 0.000000 	 1 
1987 	 0.000000 	 1 
1988 	 0.000000 	 1 
1989 	 0.000000 	 1 
1990 	 0.000000 	 1 
1991 	 0.000000 	 1 
1992 	 0.000000 	 1 
1993 	 0.000000 	 1 
1994 	 0.000000 	 1 
1995 	 0.000000 	 1 
1996 	 0.000000 	 1 
1997 	 0.000000 	 1 
1998 	 0.000000 	 1 
1999 	 0.000000 	 1 
2000 	 0.000000 	 1 
2001 	 0.000000 	 1 
2002 	 0.000000 	 1 
2003 	 0.000000 	 1 
2004 	 0.000000 	 1 
2005 	 0.000000 	 1 
2006 	 0.000000 	 1 
2007 	 0.000000 	 1 
2008 	 0.000000 	 1 
2009 	 0.000000 	 1 
2010 	 0.000000 	 1 
2011 	 0.000000 	 1 
2012 	 0.000000 	 1 
2013 	 0.000000 	 1 
2014 	 0.000000 	 1 
2015 	 0.000000 	 1 
2016 	 0.000000 	 1 
2017 	 0.000000 	 1 
2018 	 0.000000 	 1 
2019 	 0.000000 	 1 
2020 	 0.000000 	 1 
2021 	 0.000000 	 1 
2022 	 0.000000 	 1 
2023 	 0.000000 	 1 
2024 	 0.000000 	 1 
2025 	 0.000000 	 1 
2026 	 0.000000 	 1 
2027 	 0.000000 	 1 
2028 	 0.000000 	 1 
2029 	 0.000000 	 1 
2030 	 0.000000 	 1 
2031 	 0.000000 	 1 
2032 	 0.000000 	 1 
2033 	 0.000000 	 1 
2034 	 0.000000 	 1 
2035 	 0.000000 	 1 
2036 	 0.000000 	 1 
2037 	 0.000000 	 1 
2038 	 0.000000 	 1 
2039 	 0.000000 	 1 
2040 	 0.000000 	 1 
2041 	 0.000000 	 1 
2042 	 0.000000 	 1 
2043 	 0.000000 	 1 
2044 	 0.000000 	 1 
2045 	 0.000000 	 1 
2046 	 0.000000 	 1 
2047 	 0.000000 	 1 
2048 	 0.000000 	 1 
2049 	 0.000000 	 1 
2050 	 0.000000 	 1 
2051 	 0.000000 	 1 
2052 	 0.000000 	 1 
2053 	 0.000000 	 1 
2054 	 0.000000 	 1 
2055 	 0.000000 	 1 
2056 	 0.000000 	 1 
2057 	 0.000000 	 1 
2058 	 0.000000 	 1 
2059 	 0.000000 	 1 
2060 	 0.000000 	 1 
2061 	 0.000000 	 1 
2062 	 0.000000 	 1 
2063 	 0.000000 	 1 
2064 	 0.000000 	 1 
2065 	 0.000000 	 1 
2066 	 0.000000 	 1 
2067 	 0.000000 	 1 
2068 	 0.000000 	 1 
2069 	 0.000000 	 1 
2070 	 0.000000 	 1 
2071 	 0.000000 	 1 
2072 	 0.000000 	 1 
2073 	 0.000000 	 1 
2074 	 0.000000 	 1 
2075 	 0.000000 	 1 
2076 	 0.000000 	 1 
2077 	 0.000000 	 1 
2078 	 0.000000 	 1 
2079 	 0.000000 	 1 
2080 	 0.000000 	 1 
2081 	 0.000000 	 1 
2082 	 0.000000 	 1 
2083 	 0.000000 	 1 
2084 	 0.000000 	 1 
2085 	 0.000000 	 1 
2086 	 0.000000 	 1 
2087 	 0.000000 	 1 
2088 	 0.000000 	 1 
2089 	 0.000000 	 1 
2090 	 0.000000 	 1 
2091 	 0.000000 	 1 
2092 	 0.000000 	 1 
2093 	 0.000000 	 1 
2094 	 0.000000 	 1 
2095 	 0.000000 	 1 
2096 	 0.000000 	 1 
2097 	 0.000000 	 1 
2098 	 0.000000 	 1 
2099 	 0.000000 	 1 
2100 	 0.000000 	 1 
2101 	 0.000000 	 1 
2102 	 0.000000 	 1 
2103 	 0.000000 	 1 
2104 	 0.000000 	 1 
2105 	 0.000000 	 1 
2106 	 0.000000 	 1 
2107 	 0.000000 	 1 
2108 	 0.000000 	 1 
2109 	 0.000000 	 1 
2110 	 0.000000 	 1 
2111 	 0.000000 	 1 
2112 	 0.000000 	 1 
2113 	 0.000000 	 1 
2114 	 0.000000 	 1 
2115 	 0.000000 	 1 
2116 	 0.000000 	 1 
2117 	 0.000000 	 1 
2118 	 0.000000 	 1 
2119 	 0.000000 	 1 
2120 	 0.000000 	 1 
2121 	 0.000000 	 1 
2122 	 0.000000 	 1 
2123 	 0.000000 	 1 
2124 	 0.000000 	 1 
2125 	 0.000000 	 1 
2126 	 0.000000 	 1 
2127 	 0.000000 	 1 
2128 	 0.000000 	 1 
2129 	 0.000000 	 1 
2130 	 0.000000 	 1 
2131 	 0.000000 	 1 
2132 	 0.000000 	 1 
2133 	 0.000000 	 1 
2134 	 0.000000 	 1 
2135 	 0.000000 	 1 
2136 	 0.000000 	 1 
2137 	 0.000000 	 1 
2138 	 0.000000 	 1 
2139 	 0.000000 	 1 
2140 	 0.000000 	 1 
2141 	 0.000000 	 1 
2142 	 0.000000 	 1 
2143 	 0.000000 	 1 
2144 	 0.000000 	 1 
2145 	 0.000000 	 1 
2146 	 0.000000 	 1 
2147 	 0.000000 	 1 
2148 	 0.000000 	 1 
2149 	 0.000000 	 1 
2150 	 0.000000 	 1 
2151 	 0.000000 	 1 
2152 	 0.000000 	 1 
2153 	 0.000000 	 1 
2154 	 0.000000 	 1 
2155 	 0.000000 	 1 
2156 	 0.000000 	 1 
2157 	 0.000000 	 1 
2158 	 0.000000 	 1 
2159 	 0.000000 	 1 
2160 	 0.000000 	 1 
2161 	 0.000000 	 1 
2162 	 0.000000 	 1 
2163 	 0.000000 	 1 
2164 	 0.000000 	 1 
2165 	 0.000000 	 1 
2166 	 0.000000 	 1 
2167 	 0.000000 	 1 
2168 	 0.000000 	 1 
2169 	 0.000000 	 1 
2170 	 0.000000 	 1 
2171 	 0.000000 	 1 
2172 	 0.000000 	 1 
2173 	 0.000000 	 1 
2174 	 0.000000 	 1 
2175 	 0.000000 	 1 
2176 	 0.000000 	 1 
2177 	 0.000000 	 1 
2178 	 0.000000 	 1 
2179 	 0.000000 	 1 
2180 	 0.000000 	 1 
2181 	 0.000000 	 1 
2182 	 0.000000 	 1 
2183 	 0.000000 	 1 
2184 	 0.000000 	 1 
2185 	 0.000000 	 1 
2186 	 0.000000 	 1 
2187 	 0.000000 	 1 
2188 	 0.000000 	 1 
2189 	 0.000000 	 1 
2190 	 0.000000 	 1 
2191 	 0.000000 	 1 
2192 	 0.000000 	 1 
2193 	 0.000000 	 1 
2194 	 0.000000 	 1 
2195 	 0.000000 	 1 
2196 	 0.000000 	 1 
2197 	 0.000000 	 1 
2198 	 0.000000 	 1 
2199 	 0.000000 	 1 
2200 	 0.000000 	 1 
2201 	 0.000000 	 1 
2202 	 0.000000 	 1 
2203 	 0.000000 	 1 
2204 	 0.000000 	 1 
2205 	 0.000000 	 1 
2206 	 0.000000 	 1 
2207 	 0.000000 	 1 
2208 	 0.000000 	 1 
2209 	 0.000000 	 1 
2210 	 0.000000 	 1 
2211 	 0.000000 	 1 
2212 	 0.000000 	 1 
2213 	 0.000000 	 1 
2214 	 0.000000 	 1 
2215 	 0.000000 	 1 
2216 	 0.000000 	 1 
2217 	 0.000000 	 1 
2218 	 0.000000 	 1 
2219 	 0.000000 	 1 
2220 	 0.000000 	 1 
2221 	 0.000000 	 1 
2222 	 0.000000 	 1 
2223 	 0.000000 	 1 
2224 	 0.000000 	 1 
2225 	 0.000000 	 1 
2226 	 0.000000 	 1 
2227 	 0.000000 	 1 
2228 	 0.000000 	 1 
2229 	 0.000000 	 1 
2230 	 0.000000 	 1 
2231 	 0.000000 	 1 
2232 	 0.000000 	 1 
2233 	 0.000000 	 1 
2234 	 0.000000 	 1 
2235 	 0.000000 	 1 
2236 	 0.000000 	 1 
2237 	 0.000000 	 1 
2238 	 0.000000 	 1 
2239 	 0.000000 	 1 
2240 	 0.000000 	 1 
2241 	 0.000000 	 1 
2242 	 0.000000 	 1 
2243 	 0.000000 	 1 
2244 	 0.000000 	 1 
2245 	 0.000000 	 1 
2246 	 0.000000 	 1 
2247 	 0.000000 	 1 
2248 	 0.000000 	 1 
2249 	 0.000000 	 1 
2250 	 0.000000 	 1 
2251 	 0.000000 	 1 
2252 	 0.000000 	 1 
2253 	 0.000000 	 1 
2254 	 0.000000 	 1 
2255 	 0.000000 	 1 
2256 	 0.000000 	 1 
2257 	 0.000000 	 1 
2258 	 0.000000 	 1 
2259 	 0.000000 	 1 
2260 	 0.000000 	 1 
2261 	 0.000000 	 1 
2262 	 0.000000 	 1 
2263 	 0.000000 	 1 
2264 	 0.000000 	 1 
2265 	 0.000000 	 1 
2266 	 0.000000 	 1 
2267 	 0.000000 	 1 
2268 	 0.000000 	 1 
2269 	 0.000000 	 1 
2270 	 0.000000 	 1 
2271 	 0.000000 	 1 
2272 	 0.000000 	 1 
2273 	 0.000000 	 1 
2274 	 0.000000 	 1 
2275 	 0.000000 	 1 
2276 	 0.000000 	 1 
2277 	 0.000000 	 1 
2278 	 0.000000 	 1 
2279 	 0.000000 	 1 
2280 	 0.000000 	 1 
2281 	 0.000000 	 1 
2282 	 0.000000 	 1 
2283 	 0.000000 	 1 
2284 	 0.000000 	 1 
2285 	 0.000000 	 1 
2286 	 0.000000 	 1 
2287 	 0.000000 	 1 
2288 	 0.000000 	 1 
2289 	 0.000000 	 1 
2290 	 0.000000 	 1 
2291 	 0.000000 	 1 
2292 	 0.000000 	 1 
2293 	 0.000000 	 1 
2294 	 0.000000 	 1 
2295 	 0.000000 	 1 
2296 	 0.000000 	 1 
2297 	 0.000000 	 1 
2298 	 0.000000 	 1 
2299 	 0.000000 	 1 
2300 	 0.000000 	 1 
2301 	 0.000000 	 1 
2302 	 0.000000 	 1 
2303 	 0.000000 	 1 
2304 	 0.000000 	 1 
2305 	 0.000000 	 1 
2306 	 0.000000 	 1 
2307 	 0.000000 	 1 
2308 	 0.000000 	 1 
2309 	 0.000000 	 1 
2310 	 0.000000 	 1 
2311 	 0.000000 	 1 
2312 	 0.000000 	 1 
2313 	 0.000000 	 1 
2314 	 0.000000 	 1 
2315 	 0.000000 	 1 
2316 	 0.000000 	 1 
2317 	 0.000000 	 1 
2318 	 0.000000 	 1 
2319 	 0.000000 	 1 
2320 	 0.000000 	 1 
2321 	 0.000000 	 1 
2322 	 0.000000 	 1 
2323 	 0.000000 	 1 
2324 	 0.000000 	 1 
2325 	 0.000000 	 1 
2326 	 0.000000 	 1 
2327 	 0.000000 	 1 
2328 	 0.000000 	 1 
2329 	 0.000000 	 1 
2330 	 0.000000 	 1 
2331 	 0.000000 	 1 
2332 	 0.000000 	 1 
2333 	 0.000000 	 1 
2334 	 0.000000 	 1 
2335 	 0.000000 	 1 
2336 	 0.000000 	 1 
2337 	 0.000000 	 1 
2338 	 0.000000 	 1 
2339 	 0.000000 	 1 
2340 	 0.000000 	 1 
2341 	 0.000000 	 1 
2342 	 0.000000 	 1 
2343 	 0.000000 	 1 
2344 	 0.000000 	 1 
2345 	 0.000000 	 1 
2346 	 0.000000 	 1 
2347 	 0.000000 	 1 
2348 	 0.000000 	 1 
2349 	 0.000000 	 1 
2350 	 0.000000 	 1 
2351 	 0.000000 	 1 
2352 	 0.000000 	 1 
2353 	 0.000000 	 1 
2354 	 0.000000 	 1 
2355 	 0.000000 	 1 
2356 	 0.000000 	 1 
2357 	 0.000000 	 1 
2358 	 0.000000 	 1 
2359 	 0.000000 	 1 
2360 	 0.000000 	 1 
2361 	 0.000000 	 1 
2362 	 0.000000 	 1 
2363 	 0.000000 	 1 
2364 	 0.000000 	 1 
2365 	 0.000000 	 1 
2366 	 0.000000 	 1 
2367 	 0.000000 	 1 
2368 	 0.000000 	 1 
2369 	 0.000000 	 1 
2370 	 0.000000 	 1 
2371 	 0.000000 	 1 
2372 	 0.000000 	 1 
2373 	 0.000000 	 1 
2374 	 0.000000 	 1 
2375 	 0.000000 	 1 
2376 	 0.000000 	 1 
2377 	 0.000000 	 1 
2378 	 0.000000 	 1 
2379 	 0.000000 	 1 
2380 	 0.000000 	 1 
2381 	 0.000000 	 1 
2382 	 0.000000 	 1 
2383 	 0.000000 	 1 
2384 	 0.000000 	 1 
2385 	 0.000000 	 1 
2386 	 0.000000 	 1 
2387 	 0.000000 	 1 
2388 	 0.000000 	 1 
2389 	 0.000000 	 1 
2390 	 0.000000 	 1 
2391 	 0.000000 	 1 
2392 	 0.000000 	 1 
2393 	 0.000000 	 1 
2394 	 0.000000 	 1 
2395 	 0.000000 	 1 
2396 	 0.000000 	 1 
2397 	 0.000000 	 1 
2398 	 0.000000 	 1 
2399 	 0.000000 	 1 
2400 	 0.000000 	 1 
