#Nombre d'essais = 1000000, 
#Poids de l'erreur = 84, 
#Taille d'un bloc = 4801, 
#Poids de h = 45. 
0 	 0.000000 	 0 
1 	 3.040646 	 1 
2 	 3.041176 	 0 
3 	 3.041388 	 0 
4 	 3.040921 	 1 
5 	 3.041345 	 0 
6 	 3.040159 	 2 
7 	 3.041096 	 0 
8 	 3.040567 	 0 
9 	 3.040512 	 2 
10 	 3.040483 	 1 
11 	 3.041584 	 0 
12 	 3.041286 	 0 
13 	 3.040949 	 0 
14 	 3.040961 	 0 
15 	 3.040639 	 0 
16 	 3.041520 	 0 
17 	 3.041123 	 0 
18 	 3.040041 	 2 
19 	 3.040776 	 0 
20 	 3.041017 	 1 
21 	 3.041197 	 0 
22 	 3.041412 	 0 
23 	 3.040933 	 0 
24 	 3.040470 	 1 
25 	 3.041258 	 0 
26 	 3.040549 	 0 
27 	 3.041123 	 1 
28 	 3.041108 	 1 
29 	 3.041506 	 1 
30 	 3.040654 	 0 
31 	 3.041383 	 0 
32 	 3.040803 	 0 
33 	 3.040006 	 2 
34 	 3.040618 	 1 
35 	 3.040968 	 1 
36 	 3.040801 	 1 
37 	 3.041220 	 0 
38 	 3.040552 	 1 
39 	 3.041235 	 0 
40 	 3.040308 	 0 
41 	 3.040092 	 2 
42 	 3.040771 	 0 
43 	 3.041056 	 0 
44 	 3.039991 	 2 
45 	 3.040752 	 0 
46 	 3.041861 	 0 
47 	 3.041049 	 1 
48 	 3.041115 	 0 
49 	 3.040883 	 0 
50 	 3.041256 	 0 
51 	 3.040379 	 1 
52 	 3.041266 	 0 
53 	 3.040690 	 0 
54 	 3.041247 	 0 
55 	 3.041001 	 0 
56 	 3.041150 	 0 
57 	 3.041028 	 0 
58 	 3.041285 	 0 
59 	 3.041509 	 0 
60 	 3.040638 	 1 
61 	 3.040557 	 0 
62 	 3.040652 	 0 
63 	 3.041018 	 0 
64 	 3.040693 	 1 
65 	 3.041312 	 1 
66 	 3.040924 	 0 
67 	 3.040786 	 0 
68 	 3.041110 	 0 
69 	 3.041113 	 1 
70 	 3.040419 	 1 
71 	 3.040441 	 1 
72 	 3.040605 	 1 
73 	 3.041611 	 0 
74 	 3.040904 	 1 
75 	 3.041530 	 0 
76 	 3.040527 	 1 
77 	 3.041039 	 0 
78 	 3.040942 	 0 
79 	 3.041088 	 0 
80 	 3.041495 	 0 
81 	 3.041219 	 0 
82 	 3.040932 	 0 
83 	 3.040942 	 0 
84 	 3.040687 	 1 
85 	 3.041091 	 0 
86 	 3.040815 	 0 
87 	 3.040692 	 2 
88 	 3.041364 	 0 
89 	 3.041575 	 0 
90 	 3.040165 	 1 
91 	 3.041308 	 0 
92 	 3.041561 	 0 
93 	 3.041583 	 0 
94 	 3.040981 	 1 
95 	 3.041386 	 0 
96 	 3.040732 	 1 
97 	 3.040511 	 1 
98 	 3.041197 	 0 
99 	 3.041104 	 0 
100 	 3.041130 	 0 
101 	 3.040871 	 1 
102 	 3.040777 	 0 
103 	 3.041245 	 0 
104 	 3.041129 	 0 
105 	 3.040987 	 0 
106 	 3.040882 	 1 
107 	 3.040447 	 0 
108 	 3.040001 	 2 
109 	 3.041275 	 0 
110 	 3.040848 	 0 
111 	 3.040739 	 1 
112 	 3.041462 	 0 
113 	 3.040389 	 1 
114 	 3.041404 	 0 
115 	 3.041043 	 1 
116 	 3.040784 	 0 
117 	 3.040730 	 1 
118 	 3.041281 	 0 
119 	 3.041213 	 0 
120 	 3.040757 	 0 
121 	 3.040959 	 0 
122 	 3.041720 	 0 
123 	 3.041352 	 1 
124 	 3.041089 	 0 
125 	 3.041196 	 0 
126 	 3.040482 	 2 
127 	 3.041201 	 0 
128 	 3.041131 	 0 
129 	 3.041339 	 0 
130 	 3.041750 	 0 
131 	 3.041143 	 0 
132 	 3.040631 	 1 
133 	 3.040720 	 1 
134 	 3.041247 	 0 
135 	 3.040946 	 1 
136 	 3.040558 	 1 
137 	 3.041461 	 0 
138 	 3.040753 	 0 
139 	 3.041410 	 0 
140 	 3.041203 	 0 
141 	 3.040531 	 2 
142 	 3.040165 	 2 
143 	 3.040817 	 1 
144 	 3.041255 	 0 
145 	 3.040927 	 0 
146 	 3.041204 	 0 
147 	 3.040945 	 0 
148 	 3.041737 	 0 
149 	 3.040805 	 0 
150 	 3.040999 	 0 
151 	 3.041625 	 0 
152 	 3.040709 	 1 
153 	 3.040328 	 1 
154 	 3.040203 	 0 
155 	 3.041197 	 0 
156 	 3.041627 	 0 
157 	 3.040982 	 0 
158 	 3.040934 	 0 
159 	 3.040385 	 2 
160 	 3.040401 	 1 
161 	 3.041016 	 1 
162 	 3.040376 	 2 
163 	 3.041735 	 0 
164 	 3.040546 	 0 
165 	 3.041056 	 0 
166 	 3.040180 	 1 
167 	 3.041432 	 0 
168 	 3.041329 	 0 
169 	 3.040350 	 2 
170 	 3.041347 	 1 
171 	 3.040035 	 3 
172 	 3.041145 	 0 
173 	 3.041029 	 0 
174 	 3.041200 	 0 
175 	 3.041113 	 0 
176 	 3.041691 	 0 
177 	 3.040980 	 1 
178 	 3.041345 	 0 
179 	 3.041161 	 1 
180 	 3.040761 	 1 
181 	 3.040975 	 0 
182 	 3.041162 	 0 
183 	 3.040315 	 1 
184 	 3.041763 	 0 
185 	 3.041439 	 0 
186 	 3.041165 	 0 
187 	 3.041267 	 0 
188 	 3.040800 	 0 
189 	 3.040700 	 1 
190 	 3.041325 	 0 
191 	 3.040736 	 1 
192 	 3.041535 	 0 
193 	 3.041701 	 0 
194 	 3.041514 	 0 
195 	 3.040718 	 1 
196 	 3.040987 	 1 
197 	 3.040538 	 2 
198 	 3.040396 	 1 
199 	 3.040591 	 1 
200 	 3.041707 	 0 
201 	 3.041301 	 0 
202 	 3.040923 	 1 
203 	 3.041491 	 0 
204 	 3.040564 	 1 
205 	 3.039877 	 3 
206 	 3.040120 	 1 
207 	 3.041053 	 0 
208 	 3.040670 	 0 
209 	 3.041276 	 0 
210 	 3.041334 	 0 
211 	 3.040496 	 0 
212 	 3.040704 	 1 
213 	 3.041173 	 0 
214 	 3.040696 	 1 
215 	 3.040695 	 1 
216 	 3.041221 	 0 
217 	 3.041565 	 0 
218 	 3.040751 	 1 
219 	 3.041327 	 0 
220 	 3.040016 	 0 
221 	 3.040927 	 1 
222 	 3.041605 	 0 
223 	 3.041051 	 0 
224 	 3.040779 	 1 
225 	 3.041262 	 0 
226 	 3.040717 	 0 
227 	 3.041031 	 1 
228 	 3.041557 	 0 
229 	 3.040622 	 1 
230 	 3.040835 	 0 
231 	 3.041161 	 0 
232 	 3.040932 	 1 
233 	 3.041468 	 0 
234 	 3.041410 	 0 
235 	 3.041519 	 0 
236 	 3.040425 	 0 
237 	 3.040953 	 0 
238 	 3.041390 	 0 
239 	 3.041126 	 0 
240 	 3.041072 	 0 
241 	 3.041311 	 0 
242 	 3.040634 	 2 
243 	 3.041434 	 0 
244 	 3.041167 	 0 
245 	 3.041601 	 0 
246 	 3.040698 	 1 
247 	 3.040806 	 0 
248 	 3.041224 	 0 
249 	 3.040867 	 1 
250 	 3.041232 	 0 
251 	 3.041112 	 0 
252 	 3.040859 	 0 
253 	 3.041678 	 0 
254 	 3.040766 	 0 
255 	 3.040608 	 0 
256 	 3.041226 	 0 
257 	 3.041608 	 0 
258 	 3.041390 	 0 
259 	 3.041066 	 1 
260 	 3.040293 	 1 
261 	 3.041198 	 0 
262 	 3.040975 	 0 
263 	 3.040637 	 0 
264 	 3.041002 	 0 
265 	 3.040890 	 0 
266 	 3.040737 	 1 
267 	 3.041180 	 0 
268 	 3.041023 	 0 
269 	 3.040803 	 0 
270 	 3.040410 	 1 
271 	 3.040821 	 1 
272 	 3.040928 	 0 
273 	 3.041306 	 0 
274 	 3.040849 	 1 
275 	 3.040986 	 0 
276 	 3.040643 	 0 
277 	 3.041065 	 0 
278 	 3.041084 	 0 
279 	 3.041710 	 0 
280 	 3.040942 	 0 
281 	 3.040881 	 0 
282 	 3.041565 	 0 
283 	 3.041130 	 1 
284 	 3.040683 	 0 
285 	 3.040523 	 0 
286 	 3.040981 	 0 
287 	 3.041163 	 0 
288 	 3.040943 	 1 
289 	 3.041225 	 2 
290 	 3.041123 	 0 
291 	 3.041111 	 0 
292 	 3.040711 	 1 
293 	 3.041449 	 0 
294 	 3.041290 	 0 
295 	 3.040985 	 0 
296 	 3.041387 	 0 
297 	 3.040838 	 0 
298 	 3.041080 	 0 
299 	 3.041005 	 0 
300 	 3.041054 	 0 
301 	 3.041397 	 0 
302 	 3.040683 	 1 
303 	 3.041293 	 0 
304 	 3.041250 	 0 
305 	 3.041299 	 0 
306 	 3.041322 	 1 
307 	 3.040468 	 1 
308 	 3.040978 	 0 
309 	 3.041918 	 0 
310 	 3.041278 	 0 
311 	 3.040706 	 2 
312 	 3.040149 	 1 
313 	 3.040575 	 1 
314 	 3.040560 	 1 
315 	 3.041023 	 1 
316 	 3.040912 	 1 
317 	 3.041093 	 0 
318 	 3.041477 	 0 
319 	 3.041151 	 0 
320 	 3.041403 	 0 
321 	 3.041035 	 0 
322 	 3.040667 	 2 
323 	 3.039659 	 1 
324 	 3.041323 	 1 
325 	 3.040812 	 1 
326 	 3.040717 	 1 
327 	 3.041116 	 0 
328 	 3.040974 	 0 
329 	 3.041306 	 0 
330 	 3.041561 	 0 
331 	 3.041162 	 1 
332 	 3.041074 	 0 
333 	 3.041302 	 0 
334 	 3.041312 	 0 
335 	 3.040308 	 1 
336 	 3.041117 	 0 
337 	 3.041178 	 0 
338 	 3.041428 	 1 
339 	 3.040981 	 0 
340 	 3.041535 	 0 
341 	 3.040786 	 0 
342 	 3.041675 	 0 
343 	 3.040718 	 0 
344 	 3.040904 	 0 
345 	 3.040528 	 1 
346 	 3.040435 	 0 
347 	 3.040040 	 2 
348 	 3.040799 	 1 
349 	 3.040577 	 0 
350 	 3.041360 	 0 
351 	 3.041158 	 0 
352 	 3.041113 	 0 
353 	 3.040799 	 0 
354 	 3.040860 	 0 
355 	 3.041412 	 1 
356 	 3.040941 	 1 
357 	 3.040091 	 3 
358 	 3.041283 	 1 
359 	 3.040783 	 0 
360 	 3.040649 	 1 
361 	 3.040930 	 0 
362 	 3.041172 	 0 
363 	 3.040719 	 1 
364 	 3.041479 	 0 
365 	 3.040888 	 0 
366 	 3.040775 	 0 
367 	 3.040936 	 0 
368 	 3.041245 	 0 
369 	 3.040526 	 1 
370 	 3.041694 	 0 
371 	 3.040777 	 0 
372 	 3.040561 	 1 
373 	 3.041118 	 0 
374 	 3.040956 	 0 
375 	 3.040539 	 1 
376 	 3.040080 	 2 
377 	 3.041616 	 0 
378 	 3.041383 	 0 
379 	 3.040993 	 0 
380 	 3.041069 	 0 
381 	 3.041139 	 0 
382 	 3.041596 	 0 
383 	 3.040556 	 0 
384 	 3.041463 	 0 
385 	 3.040275 	 2 
386 	 3.041200 	 0 
387 	 3.041390 	 0 
388 	 3.040872 	 1 
389 	 3.040878 	 0 
390 	 3.040946 	 0 
391 	 3.041667 	 0 
392 	 3.040877 	 0 
393 	 3.041234 	 0 
394 	 3.040947 	 0 
395 	 3.041073 	 1 
396 	 3.040164 	 2 
397 	 3.039934 	 2 
398 	 3.040773 	 0 
399 	 3.041338 	 0 
400 	 3.041054 	 0 
401 	 3.041064 	 0 
402 	 3.041229 	 0 
403 	 3.041114 	 1 
404 	 3.040839 	 0 
405 	 3.041069 	 0 
406 	 3.041304 	 0 
407 	 3.040787 	 0 
408 	 3.041100 	 0 
409 	 3.040703 	 1 
410 	 3.040827 	 1 
411 	 3.040455 	 0 
412 	 3.040841 	 1 
413 	 3.040891 	 0 
414 	 3.041371 	 0 
415 	 3.040838 	 0 
416 	 3.040240 	 1 
417 	 3.041320 	 0 
418 	 3.040700 	 0 
419 	 3.040298 	 2 
420 	 3.041434 	 1 
421 	 3.040613 	 1 
422 	 3.041205 	 0 
423 	 3.041093 	 0 
424 	 3.040926 	 1 
425 	 3.041357 	 0 
426 	 3.040641 	 1 
427 	 3.041549 	 0 
428 	 3.040966 	 1 
429 	 3.040223 	 2 
430 	 3.040242 	 1 
431 	 3.040708 	 1 
432 	 3.041396 	 0 
433 	 3.040836 	 1 
434 	 3.041080 	 0 
435 	 3.040793 	 0 
436 	 3.041868 	 0 
437 	 3.040461 	 1 
438 	 3.041047 	 0 
439 	 3.041190 	 1 
440 	 3.041306 	 0 
441 	 3.040984 	 1 
442 	 3.041324 	 0 
443 	 3.040848 	 0 
444 	 3.040651 	 1 
445 	 3.040716 	 1 
446 	 3.041210 	 0 
447 	 3.040012 	 1 
448 	 3.040489 	 1 
449 	 3.041054 	 0 
450 	 3.040566 	 0 
451 	 3.041136 	 0 
452 	 3.041222 	 0 
453 	 3.041104 	 1 
454 	 3.040927 	 1 
455 	 3.041223 	 0 
456 	 3.041321 	 0 
457 	 3.040998 	 0 
458 	 3.040808 	 0 
459 	 3.040716 	 0 
460 	 3.041336 	 0 
461 	 3.040652 	 1 
462 	 3.040581 	 1 
463 	 3.040846 	 1 
464 	 3.041305 	 0 
465 	 3.041072 	 0 
466 	 3.040807 	 0 
467 	 3.041032 	 0 
468 	 3.040870 	 1 
469 	 3.041045 	 1 
470 	 3.041022 	 0 
471 	 3.040953 	 0 
472 	 3.040733 	 1 
473 	 3.041422 	 0 
474 	 3.041738 	 0 
475 	 3.040925 	 1 
476 	 3.040825 	 0 
477 	 3.041304 	 0 
478 	 3.040309 	 1 
479 	 3.041359 	 0 
480 	 3.040742 	 2 
481 	 3.041528 	 0 
482 	 3.041470 	 0 
483 	 3.040662 	 1 
484 	 3.040892 	 1 
485 	 3.041045 	 0 
486 	 3.041266 	 0 
487 	 3.041147 	 0 
488 	 3.040746 	 1 
489 	 3.041062 	 0 
490 	 3.041376 	 0 
491 	 3.040784 	 0 
492 	 3.040603 	 1 
493 	 3.041433 	 1 
494 	 3.041449 	 0 
495 	 3.040575 	 1 
496 	 3.040789 	 0 
497 	 3.040976 	 1 
498 	 3.041355 	 0 
499 	 3.041496 	 0 
500 	 3.041686 	 0 
501 	 3.041275 	 0 
502 	 3.041090 	 0 
503 	 3.041193 	 0 
504 	 3.040430 	 1 
505 	 3.041312 	 0 
506 	 3.040710 	 0 
507 	 3.041158 	 0 
508 	 3.040818 	 1 
509 	 3.041318 	 0 
510 	 3.040382 	 1 
511 	 3.040604 	 1 
512 	 3.040995 	 0 
513 	 3.041639 	 0 
514 	 3.041144 	 0 
515 	 3.041173 	 0 
516 	 3.041641 	 1 
517 	 3.040811 	 1 
518 	 3.040654 	 1 
519 	 3.041470 	 0 
520 	 3.040492 	 2 
521 	 3.041254 	 0 
522 	 3.040363 	 1 
523 	 3.040793 	 0 
524 	 3.040307 	 1 
525 	 3.041374 	 0 
526 	 3.040771 	 0 
527 	 3.040014 	 3 
528 	 3.040089 	 2 
529 	 3.040579 	 1 
530 	 3.041188 	 0 
531 	 3.040737 	 0 
532 	 3.040666 	 0 
533 	 3.041609 	 0 
534 	 3.041097 	 0 
535 	 3.040996 	 1 
536 	 3.041167 	 0 
537 	 3.040443 	 1 
538 	 3.040679 	 1 
539 	 3.041111 	 0 
540 	 3.041132 	 1 
541 	 3.041277 	 0 
542 	 3.041005 	 0 
543 	 3.041478 	 0 
544 	 3.041098 	 1 
545 	 3.040748 	 1 
546 	 3.041279 	 0 
547 	 3.041265 	 0 
548 	 3.040897 	 0 
549 	 3.041752 	 0 
550 	 3.041060 	 0 
551 	 3.040733 	 1 
552 	 3.040253 	 1 
553 	 3.040686 	 1 
554 	 3.040733 	 0 
555 	 3.040508 	 1 
556 	 3.041392 	 0 
557 	 3.039496 	 2 
558 	 3.041314 	 1 
559 	 3.041453 	 0 
560 	 3.040867 	 0 
561 	 3.041122 	 0 
562 	 3.040084 	 2 
563 	 3.040863 	 0 
564 	 3.041169 	 1 
565 	 3.040690 	 0 
566 	 3.040728 	 0 
567 	 3.040897 	 0 
568 	 3.040590 	 1 
569 	 3.041395 	 0 
570 	 3.040924 	 0 
571 	 3.041242 	 0 
572 	 3.040905 	 0 
573 	 3.041368 	 0 
574 	 3.041179 	 0 
575 	 3.041645 	 0 
576 	 3.040502 	 1 
577 	 3.040868 	 0 
578 	 3.041168 	 0 
579 	 3.041133 	 0 
580 	 3.040787 	 0 
581 	 3.040780 	 2 
582 	 3.040219 	 0 
583 	 3.041557 	 0 
584 	 3.041493 	 0 
585 	 3.041315 	 0 
586 	 3.041222 	 0 
587 	 3.041046 	 0 
588 	 3.040790 	 1 
589 	 3.041272 	 0 
590 	 3.040572 	 1 
591 	 3.040853 	 1 
592 	 3.040474 	 2 
593 	 3.041910 	 0 
594 	 3.040831 	 0 
595 	 3.040818 	 1 
596 	 3.041197 	 0 
597 	 3.041220 	 0 
598 	 3.041484 	 0 
599 	 3.041567 	 0 
600 	 3.040795 	 0 
601 	 3.041124 	 0 
602 	 3.040738 	 0 
603 	 3.041224 	 0 
604 	 3.040115 	 2 
605 	 3.040620 	 1 
606 	 3.040407 	 1 
607 	 3.040817 	 0 
608 	 3.041175 	 0 
609 	 3.041016 	 0 
610 	 3.041239 	 0 
611 	 3.041319 	 1 
612 	 3.041419 	 0 
613 	 3.040862 	 0 
614 	 3.040380 	 2 
615 	 3.041174 	 1 
616 	 3.041142 	 1 
617 	 3.040401 	 1 
618 	 3.040742 	 1 
619 	 3.041046 	 0 
620 	 3.041026 	 0 
621 	 3.040450 	 1 
622 	 3.040990 	 1 
623 	 3.040583 	 1 
624 	 3.040789 	 1 
625 	 3.040911 	 0 
626 	 3.040853 	 0 
627 	 3.041022 	 1 
628 	 3.041266 	 0 
629 	 3.041020 	 0 
630 	 3.041032 	 1 
631 	 3.040514 	 1 
632 	 3.041563 	 0 
633 	 3.041302 	 0 
634 	 3.040840 	 1 
635 	 3.040794 	 0 
636 	 3.041251 	 0 
637 	 3.040302 	 1 
638 	 3.040265 	 1 
639 	 3.041449 	 0 
640 	 3.041337 	 0 
641 	 3.042040 	 0 
642 	 3.041483 	 0 
643 	 3.041018 	 0 
644 	 3.041572 	 0 
645 	 3.041076 	 1 
646 	 3.041012 	 1 
647 	 3.041123 	 0 
648 	 3.041455 	 0 
649 	 3.041144 	 0 
650 	 3.041006 	 1 
651 	 3.040887 	 1 
652 	 3.040172 	 1 
653 	 3.040860 	 0 
654 	 3.040782 	 0 
655 	 3.040847 	 0 
656 	 3.041154 	 0 
657 	 3.040912 	 1 
658 	 3.041018 	 1 
659 	 3.040921 	 0 
660 	 3.040586 	 1 
661 	 3.041346 	 0 
662 	 3.041302 	 0 
663 	 3.040446 	 1 
664 	 3.040638 	 0 
665 	 3.040755 	 0 
666 	 3.041027 	 1 
667 	 3.040796 	 0 
668 	 3.040388 	 1 
669 	 3.041707 	 0 
670 	 3.040818 	 0 
671 	 3.040571 	 1 
672 	 3.041084 	 0 
673 	 3.040528 	 1 
674 	 3.041998 	 0 
675 	 3.040428 	 0 
676 	 3.041038 	 0 
677 	 3.040884 	 0 
678 	 3.040907 	 0 
679 	 3.040870 	 1 
680 	 3.041015 	 0 
681 	 3.041016 	 0 
682 	 3.040972 	 0 
683 	 3.040728 	 0 
684 	 3.041221 	 0 
685 	 3.040546 	 1 
686 	 3.041232 	 0 
687 	 3.041410 	 0 
688 	 3.041493 	 0 
689 	 3.041253 	 0 
690 	 3.041100 	 0 
691 	 3.041041 	 0 
692 	 3.040933 	 0 
693 	 3.041102 	 0 
694 	 3.040862 	 0 
695 	 3.041379 	 0 
696 	 3.040845 	 0 
697 	 3.040684 	 1 
698 	 3.040696 	 1 
699 	 3.040164 	 2 
700 	 3.040900 	 0 
701 	 3.040903 	 0 
702 	 3.041126 	 0 
703 	 3.040705 	 1 
704 	 3.040505 	 1 
705 	 3.041255 	 0 
706 	 3.041260 	 0 
707 	 3.040350 	 1 
708 	 3.040812 	 0 
709 	 3.041545 	 0 
710 	 3.040985 	 0 
711 	 3.040601 	 0 
712 	 3.040884 	 0 
713 	 3.040623 	 1 
714 	 3.040868 	 1 
715 	 3.041077 	 0 
716 	 3.041148 	 0 
717 	 3.040539 	 2 
718 	 3.040715 	 1 
719 	 3.040922 	 0 
720 	 3.040594 	 0 
721 	 3.039873 	 2 
722 	 3.040920 	 1 
723 	 3.041079 	 0 
724 	 3.040352 	 1 
725 	 3.040925 	 0 
726 	 3.041689 	 0 
727 	 3.040902 	 0 
728 	 3.040865 	 0 
729 	 3.041235 	 0 
730 	 3.040845 	 0 
731 	 3.041046 	 0 
732 	 3.040485 	 2 
733 	 3.040364 	 2 
734 	 3.040679 	 1 
735 	 3.040868 	 0 
736 	 3.041164 	 0 
737 	 3.041047 	 0 
738 	 3.041047 	 0 
739 	 3.041048 	 0 
740 	 3.040976 	 0 
741 	 3.040894 	 1 
742 	 3.040789 	 2 
743 	 3.040560 	 1 
744 	 3.041083 	 0 
745 	 3.040543 	 1 
746 	 3.040967 	 0 
747 	 3.040466 	 1 
748 	 3.040920 	 0 
749 	 3.041216 	 0 
750 	 3.040492 	 1 
751 	 3.041181 	 0 
752 	 3.039663 	 2 
753 	 3.041330 	 0 
754 	 3.040167 	 2 
755 	 3.041133 	 0 
756 	 3.040711 	 0 
757 	 3.041061 	 0 
758 	 3.041709 	 0 
759 	 3.041421 	 0 
760 	 3.041092 	 1 
761 	 3.041642 	 0 
762 	 3.041331 	 0 
763 	 3.041353 	 1 
764 	 3.041038 	 0 
765 	 3.040747 	 0 
766 	 3.039988 	 2 
767 	 3.040957 	 0 
768 	 3.041543 	 0 
769 	 3.041573 	 0 
770 	 3.041313 	 0 
771 	 3.041014 	 0 
772 	 3.041010 	 0 
773 	 3.040786 	 0 
774 	 3.040456 	 1 
775 	 3.041092 	 0 
776 	 3.040910 	 2 
777 	 3.040844 	 0 
778 	 3.041281 	 0 
779 	 3.041181 	 0 
780 	 3.040987 	 0 
781 	 3.040960 	 0 
782 	 3.041029 	 0 
783 	 3.041446 	 0 
784 	 3.041298 	 0 
785 	 3.040822 	 1 
786 	 3.040513 	 2 
787 	 3.041231 	 0 
788 	 3.040703 	 1 
789 	 3.041301 	 0 
790 	 3.041235 	 0 
791 	 3.041035 	 0 
792 	 3.040865 	 0 
793 	 3.039640 	 3 
794 	 3.039687 	 3 
795 	 3.041187 	 0 
796 	 3.040767 	 0 
797 	 3.041603 	 0 
798 	 3.040833 	 0 
799 	 3.040970 	 1 
800 	 3.039940 	 2 
801 	 3.041122 	 0 
802 	 3.041437 	 0 
803 	 3.041488 	 0 
804 	 3.040825 	 1 
805 	 3.040736 	 2 
806 	 3.040364 	 0 
807 	 3.041046 	 0 
808 	 3.041517 	 0 
809 	 3.040976 	 1 
810 	 3.040577 	 1 
811 	 3.040428 	 1 
812 	 3.041172 	 0 
813 	 3.041248 	 0 
814 	 3.040138 	 2 
815 	 3.041137 	 0 
816 	 3.040710 	 1 
817 	 3.041277 	 1 
818 	 3.041078 	 0 
819 	 3.040716 	 1 
820 	 3.041565 	 0 
821 	 3.040820 	 0 
822 	 3.041078 	 0 
823 	 3.040429 	 0 
824 	 3.040918 	 0 
825 	 3.041550 	 0 
826 	 3.040905 	 1 
827 	 3.041099 	 0 
828 	 3.041079 	 0 
829 	 3.040170 	 1 
830 	 3.041111 	 0 
831 	 3.041171 	 0 
832 	 3.040699 	 1 
833 	 3.040980 	 0 
834 	 3.039986 	 2 
835 	 3.040264 	 1 
836 	 3.040700 	 0 
837 	 3.040831 	 1 
838 	 3.041131 	 1 
839 	 3.041122 	 0 
840 	 3.040939 	 1 
841 	 3.040737 	 2 
842 	 3.040585 	 0 
843 	 3.041285 	 0 
844 	 3.040750 	 0 
845 	 3.041577 	 0 
846 	 3.041641 	 0 
847 	 3.040677 	 1 
848 	 3.040767 	 0 
849 	 3.040559 	 0 
850 	 3.040738 	 1 
851 	 3.040545 	 1 
852 	 3.040912 	 0 
853 	 3.041251 	 0 
854 	 3.041007 	 0 
855 	 3.040961 	 1 
856 	 3.041574 	 0 
857 	 3.041504 	 0 
858 	 3.040437 	 0 
859 	 3.040700 	 0 
860 	 3.041189 	 0 
861 	 3.040606 	 0 
862 	 3.041195 	 0 
863 	 3.041155 	 0 
864 	 3.040956 	 1 
865 	 3.039965 	 2 
866 	 3.041101 	 0 
867 	 3.041032 	 0 
868 	 3.040778 	 1 
869 	 3.041574 	 0 
870 	 3.040925 	 0 
871 	 3.040605 	 0 
872 	 3.041345 	 0 
873 	 3.040897 	 1 
874 	 3.041283 	 0 
875 	 3.040272 	 1 
876 	 3.041244 	 0 
877 	 3.041128 	 1 
878 	 3.040950 	 0 
879 	 3.040751 	 1 
880 	 3.040996 	 1 
881 	 3.040823 	 0 
882 	 3.041046 	 1 
883 	 3.041486 	 0 
884 	 3.041012 	 1 
885 	 3.041405 	 0 
886 	 3.040639 	 0 
887 	 3.041475 	 0 
888 	 3.040957 	 0 
889 	 3.041073 	 0 
890 	 3.041043 	 0 
891 	 3.041469 	 0 
892 	 3.040573 	 0 
893 	 3.041454 	 0 
894 	 3.041166 	 0 
895 	 3.041134 	 0 
896 	 3.040676 	 1 
897 	 3.040896 	 0 
898 	 3.041479 	 0 
899 	 3.041254 	 0 
900 	 3.041000 	 0 
901 	 3.041131 	 1 
902 	 3.041547 	 0 
903 	 3.040377 	 1 
904 	 3.040723 	 0 
905 	 3.040767 	 0 
906 	 3.041553 	 1 
907 	 3.041095 	 1 
908 	 3.041244 	 0 
909 	 3.040939 	 0 
910 	 3.041099 	 0 
911 	 3.040967 	 1 
912 	 3.040058 	 2 
913 	 3.040744 	 1 
914 	 3.041286 	 0 
915 	 3.041695 	 0 
916 	 3.041180 	 1 
917 	 3.041260 	 0 
918 	 3.041075 	 0 
919 	 3.040974 	 1 
920 	 3.041684 	 0 
921 	 3.040945 	 0 
922 	 3.041512 	 0 
923 	 3.040606 	 0 
924 	 3.041402 	 0 
925 	 3.040204 	 1 
926 	 3.040721 	 0 
927 	 3.040751 	 0 
928 	 3.040651 	 1 
929 	 3.041098 	 0 
930 	 3.040908 	 0 
931 	 3.041058 	 0 
932 	 3.041157 	 0 
933 	 3.041667 	 0 
934 	 3.040843 	 0 
935 	 3.041112 	 0 
936 	 3.040473 	 1 
937 	 3.040323 	 2 
938 	 3.040846 	 1 
939 	 3.041740 	 0 
940 	 3.040221 	 1 
941 	 3.040815 	 1 
942 	 3.040477 	 1 
943 	 3.041590 	 0 
944 	 3.040969 	 0 
945 	 3.039695 	 3 
946 	 3.040348 	 1 
947 	 3.040439 	 2 
948 	 3.041660 	 0 
949 	 3.040736 	 1 
950 	 3.040965 	 0 
951 	 3.040848 	 0 
952 	 3.041365 	 0 
953 	 3.041144 	 0 
954 	 3.040872 	 0 
955 	 3.041341 	 0 
956 	 3.040363 	 1 
957 	 3.040231 	 1 
958 	 3.041105 	 0 
959 	 3.041264 	 0 
960 	 3.040788 	 0 
961 	 3.041323 	 0 
962 	 3.040667 	 0 
963 	 3.040600 	 2 
964 	 3.040782 	 1 
965 	 3.041178 	 0 
966 	 3.041630 	 0 
967 	 3.041355 	 0 
968 	 3.040783 	 0 
969 	 3.041066 	 0 
970 	 3.041249 	 0 
971 	 3.041303 	 0 
972 	 3.041310 	 0 
973 	 3.041047 	 1 
974 	 3.040519 	 2 
975 	 3.041058 	 0 
976 	 3.040478 	 2 
977 	 3.041371 	 0 
978 	 3.040380 	 1 
979 	 3.041330 	 0 
980 	 3.040047 	 1 
981 	 3.040899 	 0 
982 	 3.040808 	 0 
983 	 3.040675 	 1 
984 	 3.041183 	 0 
985 	 3.041504 	 0 
986 	 3.041132 	 0 
987 	 3.040584 	 0 
988 	 3.040765 	 1 
989 	 3.041412 	 0 
990 	 3.041361 	 0 
991 	 3.040555 	 1 
992 	 3.040359 	 1 
993 	 3.040913 	 0 
994 	 3.040967 	 0 
995 	 3.040897 	 1 
996 	 3.040812 	 0 
997 	 3.041038 	 0 
998 	 3.041104 	 0 
999 	 3.041145 	 0 
1000 	 3.041398 	 0 
1001 	 3.041220 	 0 
1002 	 3.040304 	 1 
1003 	 3.040927 	 0 
1004 	 3.041623 	 0 
1005 	 3.041022 	 0 
1006 	 3.041250 	 0 
1007 	 3.040725 	 1 
1008 	 3.041586 	 0 
1009 	 3.041503 	 0 
1010 	 3.040351 	 1 
1011 	 3.040954 	 1 
1012 	 3.039931 	 2 
1013 	 3.041162 	 1 
1014 	 3.040470 	 1 
1015 	 3.040879 	 0 
1016 	 3.040699 	 0 
1017 	 3.041116 	 1 
1018 	 3.040452 	 1 
1019 	 3.041185 	 0 
1020 	 3.040669 	 1 
1021 	 3.040772 	 0 
1022 	 3.041496 	 0 
1023 	 3.040403 	 1 
1024 	 3.040854 	 0 
1025 	 3.041315 	 0 
1026 	 3.040679 	 0 
1027 	 3.041287 	 0 
1028 	 3.040958 	 0 
1029 	 3.040556 	 0 
1030 	 3.041383 	 0 
1031 	 3.040707 	 0 
1032 	 3.040457 	 1 
1033 	 3.041271 	 1 
1034 	 3.041020 	 0 
1035 	 3.041120 	 0 
1036 	 3.040873 	 0 
1037 	 3.041169 	 1 
1038 	 3.041311 	 0 
1039 	 3.041226 	 0 
1040 	 3.040818 	 0 
1041 	 3.040896 	 0 
1042 	 3.040785 	 1 
1043 	 3.041305 	 0 
1044 	 3.040933 	 0 
1045 	 3.041515 	 0 
1046 	 3.041300 	 1 
1047 	 3.041112 	 0 
1048 	 3.041012 	 0 
1049 	 3.041195 	 0 
1050 	 3.041148 	 0 
1051 	 3.040589 	 1 
1052 	 3.041015 	 0 
1053 	 3.041268 	 0 
1054 	 3.041279 	 0 
1055 	 3.040536 	 1 
1056 	 3.040158 	 1 
1057 	 3.040944 	 0 
1058 	 3.041437 	 0 
1059 	 3.041224 	 0 
1060 	 3.041207 	 0 
1061 	 3.041411 	 0 
1062 	 3.041050 	 0 
1063 	 3.041576 	 0 
1064 	 3.040469 	 0 
1065 	 3.041065 	 1 
1066 	 3.040914 	 1 
1067 	 3.041145 	 0 
1068 	 3.041063 	 0 
1069 	 3.040353 	 0 
1070 	 3.041045 	 0 
1071 	 3.040191 	 2 
1072 	 3.040977 	 0 
1073 	 3.040947 	 0 
1074 	 3.040360 	 0 
1075 	 3.040317 	 1 
1076 	 3.041047 	 1 
1077 	 3.041107 	 1 
1078 	 3.040910 	 1 
1079 	 3.040750 	 1 
1080 	 3.041478 	 0 
1081 	 3.041239 	 0 
1082 	 3.039468 	 2 
1083 	 3.040530 	 1 
1084 	 3.041549 	 0 
1085 	 3.041483 	 0 
1086 	 3.041008 	 0 
1087 	 3.041134 	 0 
1088 	 3.041082 	 0 
1089 	 3.040542 	 2 
1090 	 3.041028 	 0 
1091 	 3.041413 	 0 
1092 	 3.041256 	 0 
1093 	 3.040533 	 1 
1094 	 3.040519 	 0 
1095 	 3.040644 	 0 
1096 	 3.040845 	 0 
1097 	 3.040924 	 1 
1098 	 3.041446 	 0 
1099 	 3.040107 	 1 
1100 	 3.040491 	 1 
1101 	 3.041216 	 0 
1102 	 3.041633 	 0 
1103 	 3.041309 	 0 
1104 	 3.041132 	 0 
1105 	 3.041185 	 0 
1106 	 3.041972 	 0 
1107 	 3.040916 	 0 
1108 	 3.040409 	 1 
1109 	 3.041390 	 1 
1110 	 3.041073 	 1 
1111 	 3.040640 	 2 
1112 	 3.040664 	 1 
1113 	 3.041208 	 0 
1114 	 3.040767 	 1 
1115 	 3.041159 	 2 
1116 	 3.041571 	 0 
1117 	 3.041190 	 0 
1118 	 3.040842 	 0 
1119 	 3.040936 	 0 
1120 	 3.041603 	 0 
1121 	 3.040290 	 2 
1122 	 3.040773 	 0 
1123 	 3.040487 	 1 
1124 	 3.041022 	 0 
1125 	 3.040931 	 0 
1126 	 3.040771 	 1 
1127 	 3.041392 	 0 
1128 	 3.041064 	 0 
1129 	 3.040621 	 1 
1130 	 3.040448 	 1 
1131 	 3.041300 	 0 
1132 	 3.041606 	 0 
1133 	 3.040202 	 2 
1134 	 3.040946 	 0 
1135 	 3.041634 	 0 
1136 	 3.040522 	 1 
1137 	 3.041153 	 0 
1138 	 3.041810 	 0 
1139 	 3.041456 	 0 
1140 	 3.040703 	 1 
1141 	 3.040726 	 1 
1142 	 3.040274 	 2 
1143 	 3.040293 	 2 
1144 	 3.041734 	 0 
1145 	 3.041025 	 1 
1146 	 3.040839 	 0 
1147 	 3.041220 	 0 
1148 	 3.040454 	 2 
1149 	 3.040753 	 1 
1150 	 3.041423 	 0 
1151 	 3.040248 	 1 
1152 	 3.040790 	 1 
1153 	 3.041399 	 0 
1154 	 3.040835 	 1 
1155 	 3.040592 	 0 
1156 	 3.041213 	 0 
1157 	 3.041014 	 0 
1158 	 3.040569 	 0 
1159 	 3.041409 	 0 
1160 	 3.041089 	 0 
1161 	 3.040184 	 1 
1162 	 3.040803 	 1 
1163 	 3.041144 	 0 
1164 	 3.041230 	 0 
1165 	 3.040732 	 0 
1166 	 3.041147 	 0 
1167 	 3.040421 	 0 
1168 	 3.041390 	 0 
1169 	 3.040696 	 1 
1170 	 3.040857 	 0 
1171 	 3.041083 	 1 
1172 	 3.040099 	 2 
1173 	 3.040687 	 2 
1174 	 3.040869 	 0 
1175 	 3.041191 	 0 
1176 	 3.040981 	 0 
1177 	 3.041058 	 0 
1178 	 3.041385 	 0 
1179 	 3.040747 	 1 
1180 	 3.040519 	 1 
1181 	 3.041366 	 0 
1182 	 3.041161 	 0 
1183 	 3.040814 	 0 
1184 	 3.040966 	 0 
1185 	 3.040825 	 1 
1186 	 3.040667 	 1 
1187 	 3.041337 	 0 
1188 	 3.040627 	 0 
1189 	 3.040370 	 1 
1190 	 3.040899 	 1 
1191 	 3.040229 	 1 
1192 	 3.040827 	 1 
1193 	 3.041211 	 0 
1194 	 3.041239 	 0 
1195 	 3.041318 	 1 
1196 	 3.040755 	 1 
1197 	 3.040592 	 1 
1198 	 3.040658 	 0 
1199 	 3.040696 	 1 
1200 	 3.040423 	 0 
1201 	 3.040910 	 0 
1202 	 3.040990 	 0 
1203 	 3.041482 	 0 
1204 	 3.040987 	 0 
1205 	 3.041032 	 0 
1206 	 3.041031 	 0 
1207 	 3.040640 	 1 
1208 	 3.040376 	 1 
1209 	 3.041318 	 0 
1210 	 3.041426 	 0 
1211 	 3.040602 	 0 
1212 	 3.041001 	 1 
1213 	 3.041149 	 1 
1214 	 3.040917 	 0 
1215 	 3.041134 	 0 
1216 	 3.040766 	 0 
1217 	 3.040719 	 0 
1218 	 3.040659 	 1 
1219 	 3.040785 	 1 
1220 	 3.041097 	 0 
1221 	 3.040828 	 0 
1222 	 3.040649 	 1 
1223 	 3.040915 	 0 
1224 	 3.039904 	 2 
1225 	 3.040637 	 1 
1226 	 3.040640 	 0 
1227 	 3.040926 	 0 
1228 	 3.041050 	 0 
1229 	 3.041111 	 0 
1230 	 3.040388 	 1 
1231 	 3.040861 	 0 
1232 	 3.040646 	 0 
1233 	 3.040832 	 1 
1234 	 3.040659 	 1 
1235 	 3.040898 	 0 
1236 	 3.041192 	 0 
1237 	 3.040925 	 1 
1238 	 3.040279 	 2 
1239 	 3.040912 	 0 
1240 	 3.041138 	 0 
1241 	 3.040703 	 1 
1242 	 3.039297 	 4 
1243 	 3.040917 	 0 
1244 	 3.040847 	 1 
1245 	 3.041136 	 0 
1246 	 3.041085 	 0 
1247 	 3.040069 	 1 
1248 	 3.041195 	 1 
1249 	 3.040693 	 1 
1250 	 3.040980 	 0 
1251 	 3.040964 	 0 
1252 	 3.041041 	 0 
1253 	 3.041224 	 1 
1254 	 3.040601 	 2 
1255 	 3.040896 	 1 
1256 	 3.040744 	 1 
1257 	 3.040958 	 0 
1258 	 3.040305 	 1 
1259 	 3.040628 	 1 
1260 	 3.041130 	 1 
1261 	 3.040902 	 0 
1262 	 3.040020 	 3 
1263 	 3.041094 	 0 
1264 	 3.041397 	 0 
1265 	 3.040858 	 1 
1266 	 3.041324 	 0 
1267 	 3.040951 	 0 
1268 	 3.041112 	 2 
1269 	 3.040535 	 1 
1270 	 3.040540 	 0 
1271 	 3.040208 	 2 
1272 	 3.040420 	 1 
1273 	 3.040904 	 0 
1274 	 3.039966 	 2 
1275 	 3.040863 	 0 
1276 	 3.040474 	 1 
1277 	 3.040631 	 1 
1278 	 3.040705 	 1 
1279 	 3.040633 	 0 
1280 	 3.040252 	 1 
1281 	 3.041496 	 0 
1282 	 3.040764 	 1 
1283 	 3.040099 	 2 
1284 	 3.041055 	 0 
1285 	 3.041123 	 1 
1286 	 3.041004 	 0 
1287 	 3.041292 	 0 
1288 	 3.041299 	 0 
1289 	 3.040425 	 2 
1290 	 3.041860 	 0 
1291 	 3.040888 	 0 
1292 	 3.041148 	 0 
1293 	 3.040529 	 0 
1294 	 3.040349 	 2 
1295 	 3.041140 	 0 
1296 	 3.041135 	 0 
1297 	 3.041108 	 0 
1298 	 3.040992 	 0 
1299 	 3.041284 	 0 
1300 	 3.041153 	 0 
1301 	 3.040988 	 1 
1302 	 3.040755 	 1 
1303 	 3.041097 	 1 
1304 	 3.040627 	 0 
1305 	 3.041236 	 0 
1306 	 3.041056 	 0 
1307 	 3.040596 	 0 
1308 	 3.040932 	 0 
1309 	 3.039876 	 3 
1310 	 3.040659 	 0 
1311 	 3.041063 	 0 
1312 	 3.040628 	 1 
1313 	 3.041325 	 1 
1314 	 3.041003 	 1 
1315 	 3.041404 	 0 
1316 	 3.041646 	 0 
1317 	 3.041637 	 0 
1318 	 3.040996 	 1 
1319 	 3.041814 	 0 
1320 	 3.040390 	 1 
1321 	 3.040583 	 2 
1322 	 3.041411 	 1 
1323 	 3.040653 	 0 
1324 	 3.040791 	 0 
1325 	 3.040690 	 1 
1326 	 3.041174 	 0 
1327 	 3.041046 	 0 
1328 	 3.040656 	 0 
1329 	 3.041284 	 0 
1330 	 3.040852 	 1 
1331 	 3.040323 	 1 
1332 	 3.040802 	 0 
1333 	 3.040446 	 1 
1334 	 3.040994 	 0 
1335 	 3.040839 	 0 
1336 	 3.041315 	 0 
1337 	 3.042014 	 0 
1338 	 3.039848 	 2 
1339 	 3.040107 	 2 
1340 	 3.041512 	 0 
1341 	 3.041472 	 0 
1342 	 3.041952 	 0 
1343 	 3.040797 	 0 
1344 	 3.040857 	 1 
1345 	 3.040890 	 1 
1346 	 3.041282 	 0 
1347 	 3.041171 	 0 
1348 	 3.040709 	 2 
1349 	 3.041051 	 1 
1350 	 3.041489 	 0 
1351 	 3.040895 	 0 
1352 	 3.041218 	 0 
1353 	 3.040407 	 0 
1354 	 3.041511 	 0 
1355 	 3.041018 	 0 
1356 	 3.040847 	 0 
1357 	 3.040525 	 1 
1358 	 3.041314 	 1 
1359 	 3.040589 	 1 
1360 	 3.041092 	 0 
1361 	 3.041278 	 0 
1362 	 3.041247 	 0 
1363 	 3.041121 	 0 
1364 	 3.040752 	 0 
1365 	 3.040676 	 1 
1366 	 3.041111 	 1 
1367 	 3.041448 	 0 
1368 	 3.041523 	 0 
1369 	 3.041162 	 0 
1370 	 3.041284 	 0 
1371 	 3.040907 	 0 
1372 	 3.040826 	 0 
1373 	 3.041290 	 0 
1374 	 3.040777 	 1 
1375 	 3.040761 	 1 
1376 	 3.041299 	 0 
1377 	 3.040992 	 0 
1378 	 3.041032 	 0 
1379 	 3.041181 	 0 
1380 	 3.040762 	 1 
1381 	 3.041492 	 0 
1382 	 3.041034 	 0 
1383 	 3.040921 	 0 
1384 	 3.040836 	 0 
1385 	 3.041033 	 0 
1386 	 3.040832 	 0 
1387 	 3.041134 	 0 
1388 	 3.041110 	 0 
1389 	 3.041009 	 0 
1390 	 3.039988 	 2 
1391 	 3.041204 	 0 
1392 	 3.040595 	 0 
1393 	 3.041066 	 0 
1394 	 3.041067 	 0 
1395 	 3.041044 	 0 
1396 	 3.041269 	 0 
1397 	 3.041645 	 0 
1398 	 3.041082 	 0 
1399 	 3.040948 	 0 
1400 	 3.041788 	 0 
1401 	 3.041119 	 0 
1402 	 3.040953 	 0 
1403 	 3.040914 	 0 
1404 	 3.040341 	 2 
1405 	 3.040896 	 0 
1406 	 3.041057 	 0 
1407 	 3.040865 	 1 
1408 	 3.041504 	 0 
1409 	 3.041204 	 1 
1410 	 3.041317 	 0 
1411 	 3.041194 	 0 
1412 	 3.040742 	 0 
1413 	 3.040059 	 2 
1414 	 3.040333 	 0 
1415 	 3.040486 	 1 
1416 	 3.041174 	 0 
1417 	 3.040535 	 1 
1418 	 3.041256 	 0 
1419 	 3.041105 	 0 
1420 	 3.040882 	 0 
1421 	 3.041188 	 0 
1422 	 3.041176 	 0 
1423 	 3.040627 	 1 
1424 	 3.041068 	 0 
1425 	 3.040368 	 1 
1426 	 3.040996 	 0 
1427 	 3.041863 	 0 
1428 	 3.040493 	 0 
1429 	 3.041046 	 0 
1430 	 3.041751 	 0 
1431 	 3.040133 	 1 
1432 	 3.040770 	 0 
1433 	 3.041603 	 0 
1434 	 3.040990 	 1 
1435 	 3.040021 	 2 
1436 	 3.040080 	 1 
1437 	 3.041025 	 0 
1438 	 3.041259 	 0 
1439 	 3.040175 	 2 
1440 	 3.041394 	 0 
1441 	 3.041527 	 0 
1442 	 3.040174 	 1 
1443 	 3.040949 	 0 
1444 	 3.040554 	 0 
1445 	 3.040808 	 2 
1446 	 3.041411 	 0 
1447 	 3.041120 	 0 
1448 	 3.040649 	 0 
1449 	 3.040541 	 1 
1450 	 3.041249 	 0 
1451 	 3.040316 	 2 
1452 	 3.040979 	 0 
1453 	 3.040904 	 1 
1454 	 3.041049 	 1 
1455 	 3.040894 	 0 
1456 	 3.040328 	 1 
1457 	 3.041556 	 0 
1458 	 3.041125 	 0 
1459 	 3.041323 	 0 
1460 	 3.040196 	 2 
1461 	 3.041151 	 0 
1462 	 3.040862 	 0 
1463 	 3.041416 	 0 
1464 	 3.040959 	 0 
1465 	 3.039941 	 2 
1466 	 3.041026 	 0 
1467 	 3.040934 	 0 
1468 	 3.041158 	 0 
1469 	 3.040855 	 0 
1470 	 3.040638 	 0 
1471 	 3.040621 	 2 
1472 	 3.040818 	 0 
1473 	 3.040918 	 0 
1474 	 3.040405 	 2 
1475 	 3.040943 	 0 
1476 	 3.040505 	 0 
1477 	 3.040838 	 0 
1478 	 3.041290 	 0 
1479 	 3.041188 	 0 
1480 	 3.040840 	 1 
1481 	 3.040871 	 0 
1482 	 3.041148 	 0 
1483 	 3.040605 	 1 
1484 	 3.041137 	 1 
1485 	 3.041030 	 1 
1486 	 3.040851 	 0 
1487 	 3.040876 	 0 
1488 	 3.041362 	 0 
1489 	 3.040913 	 0 
1490 	 3.040434 	 1 
1491 	 3.040671 	 1 
1492 	 3.041086 	 0 
1493 	 3.040979 	 0 
1494 	 3.040878 	 0 
1495 	 3.041271 	 0 
1496 	 3.041463 	 0 
1497 	 3.040727 	 0 
1498 	 3.040844 	 1 
1499 	 3.041016 	 1 
1500 	 3.041308 	 0 
1501 	 3.040899 	 1 
1502 	 3.041379 	 0 
1503 	 3.040035 	 1 
1504 	 3.041009 	 0 
1505 	 3.040747 	 0 
1506 	 3.041091 	 0 
1507 	 3.040848 	 1 
1508 	 3.040897 	 1 
1509 	 3.040659 	 1 
1510 	 3.041289 	 0 
1511 	 3.040755 	 1 
1512 	 3.040778 	 0 
1513 	 3.040763 	 0 
1514 	 3.040892 	 0 
1515 	 3.041665 	 0 
1516 	 3.041233 	 0 
1517 	 3.041413 	 1 
1518 	 3.040118 	 2 
1519 	 3.040848 	 0 
1520 	 3.040923 	 0 
1521 	 3.041803 	 1 
1522 	 3.041352 	 0 
1523 	 3.041349 	 0 
1524 	 3.040835 	 0 
1525 	 3.041079 	 0 
1526 	 3.041226 	 0 
1527 	 3.041058 	 0 
1528 	 3.040655 	 1 
1529 	 3.041500 	 0 
1530 	 3.040887 	 1 
1531 	 3.040954 	 0 
1532 	 3.041052 	 0 
1533 	 3.040884 	 0 
1534 	 3.041032 	 0 
1535 	 3.041743 	 0 
1536 	 3.040643 	 2 
1537 	 3.041101 	 0 
1538 	 3.040812 	 0 
1539 	 3.041202 	 0 
1540 	 3.040792 	 0 
1541 	 3.041228 	 0 
1542 	 3.040449 	 1 
1543 	 3.041043 	 0 
1544 	 3.041124 	 0 
1545 	 3.040622 	 1 
1546 	 3.041911 	 0 
1547 	 3.041356 	 0 
1548 	 3.041892 	 0 
1549 	 3.041073 	 0 
1550 	 3.040912 	 0 
1551 	 3.041498 	 0 
1552 	 3.040768 	 1 
1553 	 3.041184 	 0 
1554 	 3.040684 	 0 
1555 	 3.040489 	 1 
1556 	 3.041054 	 0 
1557 	 3.041120 	 0 
1558 	 3.040787 	 0 
1559 	 3.040702 	 1 
1560 	 3.041347 	 0 
1561 	 3.040738 	 0 
1562 	 3.040387 	 1 
1563 	 3.041196 	 0 
1564 	 3.040700 	 1 
1565 	 3.041200 	 0 
1566 	 3.041396 	 0 
1567 	 3.041444 	 0 
1568 	 3.040792 	 2 
1569 	 3.040646 	 1 
1570 	 3.041275 	 0 
1571 	 3.040883 	 0 
1572 	 3.041387 	 0 
1573 	 3.041343 	 0 
1574 	 3.041034 	 0 
1575 	 3.040469 	 1 
1576 	 3.040964 	 0 
1577 	 3.041127 	 0 
1578 	 3.041170 	 0 
1579 	 3.040996 	 0 
1580 	 3.040988 	 1 
1581 	 3.041002 	 0 
1582 	 3.041059 	 0 
1583 	 3.041069 	 0 
1584 	 3.041065 	 0 
1585 	 3.040608 	 0 
1586 	 3.041324 	 0 
1587 	 3.041351 	 1 
1588 	 3.040715 	 1 
1589 	 3.041076 	 0 
1590 	 3.040734 	 0 
1591 	 3.041013 	 0 
1592 	 3.040869 	 0 
1593 	 3.041696 	 1 
1594 	 3.041175 	 1 
1595 	 3.041356 	 0 
1596 	 3.040914 	 0 
1597 	 3.040937 	 0 
1598 	 3.041125 	 0 
1599 	 3.041268 	 0 
1600 	 3.041106 	 0 
1601 	 3.040590 	 1 
1602 	 3.041226 	 0 
1603 	 3.040491 	 1 
1604 	 3.040281 	 1 
1605 	 3.041245 	 0 
1606 	 3.041399 	 0 
1607 	 3.041208 	 0 
1608 	 3.041520 	 0 
1609 	 3.040747 	 1 
1610 	 3.040654 	 1 
1611 	 3.040869 	 0 
1612 	 3.041019 	 0 
1613 	 3.040907 	 0 
1614 	 3.040426 	 1 
1615 	 3.041085 	 0 
1616 	 3.040447 	 1 
1617 	 3.040799 	 0 
1618 	 3.041199 	 0 
1619 	 3.040611 	 1 
1620 	 3.041324 	 0 
1621 	 3.040752 	 0 
1622 	 3.040993 	 0 
1623 	 3.041153 	 0 
1624 	 3.040966 	 0 
1625 	 3.040950 	 0 
1626 	 3.041140 	 0 
1627 	 3.040992 	 0 
1628 	 3.041247 	 0 
1629 	 3.041724 	 0 
1630 	 3.040904 	 0 
1631 	 3.041763 	 0 
1632 	 3.040756 	 1 
1633 	 3.040779 	 0 
1634 	 3.040515 	 2 
1635 	 3.040916 	 0 
1636 	 3.040550 	 1 
1637 	 3.040982 	 0 
1638 	 3.040915 	 0 
1639 	 3.041820 	 0 
1640 	 3.040728 	 1 
1641 	 3.040970 	 0 
1642 	 3.040943 	 0 
1643 	 3.040981 	 0 
1644 	 3.040778 	 2 
1645 	 3.041001 	 0 
1646 	 3.041255 	 0 
1647 	 3.041217 	 0 
1648 	 3.041409 	 0 
1649 	 3.041120 	 0 
1650 	 3.041233 	 1 
1651 	 3.041238 	 0 
1652 	 3.041353 	 1 
1653 	 3.040576 	 1 
1654 	 3.041092 	 1 
1655 	 3.040776 	 0 
1656 	 3.041099 	 0 
1657 	 3.041402 	 0 
1658 	 3.041417 	 0 
1659 	 3.041423 	 0 
1660 	 3.040658 	 0 
1661 	 3.041748 	 0 
1662 	 3.041156 	 1 
1663 	 3.041515 	 0 
1664 	 3.040969 	 0 
1665 	 3.040942 	 0 
1666 	 3.041236 	 0 
1667 	 3.041469 	 0 
1668 	 3.040815 	 1 
1669 	 3.040449 	 1 
1670 	 3.039867 	 3 
1671 	 3.040904 	 1 
1672 	 3.040934 	 1 
1673 	 3.041199 	 0 
1674 	 3.040370 	 1 
1675 	 3.040117 	 0 
1676 	 3.040960 	 0 
1677 	 3.039825 	 2 
1678 	 3.040600 	 1 
1679 	 3.040656 	 1 
1680 	 3.041188 	 0 
1681 	 3.040653 	 2 
1682 	 3.041137 	 0 
1683 	 3.040821 	 0 
1684 	 3.040644 	 0 
1685 	 3.040754 	 0 
1686 	 3.041165 	 0 
1687 	 3.040932 	 1 
1688 	 3.041055 	 1 
1689 	 3.040580 	 1 
1690 	 3.040933 	 0 
1691 	 3.041330 	 0 
1692 	 3.041203 	 0 
1693 	 3.040575 	 0 
1694 	 3.040647 	 0 
1695 	 3.040293 	 1 
1696 	 3.040954 	 1 
1697 	 3.041072 	 1 
1698 	 3.041289 	 0 
1699 	 3.041315 	 0 
1700 	 3.041266 	 0 
1701 	 3.041461 	 0 
1702 	 3.041535 	 0 
1703 	 3.040674 	 0 
1704 	 3.041040 	 0 
1705 	 3.040646 	 1 
1706 	 3.040431 	 2 
1707 	 3.041019 	 1 
1708 	 3.040765 	 0 
1709 	 3.041419 	 0 
1710 	 3.040822 	 0 
1711 	 3.040922 	 0 
1712 	 3.040439 	 1 
1713 	 3.040751 	 1 
1714 	 3.041062 	 0 
1715 	 3.040756 	 0 
1716 	 3.040266 	 3 
1717 	 3.041164 	 0 
1718 	 3.041170 	 1 
1719 	 3.041257 	 0 
1720 	 3.040660 	 0 
1721 	 3.040942 	 0 
1722 	 3.040738 	 1 
1723 	 3.041086 	 0 
1724 	 3.040740 	 0 
1725 	 3.041021 	 0 
1726 	 3.041017 	 1 
1727 	 3.040827 	 0 
1728 	 3.041556 	 0 
1729 	 3.040690 	 0 
1730 	 3.040705 	 2 
1731 	 3.041244 	 0 
1732 	 3.040728 	 0 
1733 	 3.041359 	 0 
1734 	 3.041143 	 1 
1735 	 3.041427 	 0 
1736 	 3.041414 	 0 
1737 	 3.040531 	 1 
1738 	 3.040633 	 0 
1739 	 3.041198 	 0 
1740 	 3.040526 	 1 
1741 	 3.040642 	 1 
1742 	 3.040962 	 1 
1743 	 3.041273 	 0 
1744 	 3.041632 	 0 
1745 	 3.040250 	 0 
1746 	 3.040454 	 1 
1747 	 3.040604 	 1 
1748 	 3.041289 	 0 
1749 	 3.041641 	 0 
1750 	 3.041396 	 1 
1751 	 3.041304 	 0 
1752 	 3.041138 	 0 
1753 	 3.040809 	 0 
1754 	 3.040819 	 1 
1755 	 3.040679 	 0 
1756 	 3.041046 	 0 
1757 	 3.040513 	 1 
1758 	 3.041641 	 0 
1759 	 3.041558 	 0 
1760 	 3.040561 	 1 
1761 	 3.041276 	 0 
1762 	 3.041680 	 0 
1763 	 3.040888 	 1 
1764 	 3.040839 	 1 
1765 	 3.040950 	 0 
1766 	 3.041103 	 0 
1767 	 3.040951 	 0 
1768 	 3.041492 	 0 
1769 	 3.041306 	 0 
1770 	 3.040639 	 0 
1771 	 3.041460 	 0 
1772 	 3.041889 	 0 
1773 	 3.041454 	 0 
1774 	 3.041022 	 0 
1775 	 3.041633 	 0 
1776 	 3.041040 	 1 
1777 	 3.041032 	 0 
1778 	 3.041371 	 0 
1779 	 3.040774 	 0 
1780 	 3.041362 	 0 
1781 	 3.040404 	 0 
1782 	 3.040336 	 2 
1783 	 3.041043 	 0 
1784 	 3.041212 	 0 
1785 	 3.041805 	 0 
1786 	 3.041143 	 1 
1787 	 3.041417 	 0 
1788 	 3.040078 	 1 
1789 	 3.041040 	 0 
1790 	 3.041637 	 0 
1791 	 3.040825 	 0 
1792 	 3.040590 	 1 
1793 	 3.040442 	 1 
1794 	 3.039999 	 2 
1795 	 3.041268 	 0 
1796 	 3.040573 	 1 
1797 	 3.041118 	 0 
1798 	 3.041114 	 0 
1799 	 3.040337 	 0 
1800 	 3.040657 	 1 
1801 	 3.041465 	 0 
1802 	 3.041397 	 0 
1803 	 3.040918 	 0 
1804 	 3.040589 	 0 
1805 	 3.041000 	 1 
1806 	 3.040854 	 1 
1807 	 3.040573 	 0 
1808 	 3.040793 	 0 
1809 	 3.040139 	 1 
1810 	 3.040451 	 1 
1811 	 3.041131 	 1 
1812 	 3.041142 	 0 
1813 	 3.040495 	 1 
1814 	 3.041884 	 0 
1815 	 3.041003 	 0 
1816 	 3.041447 	 0 
1817 	 3.040846 	 1 
1818 	 3.041125 	 0 
1819 	 3.040888 	 0 
1820 	 3.041153 	 0 
1821 	 3.041066 	 0 
1822 	 3.041292 	 0 
1823 	 3.041102 	 2 
1824 	 3.041308 	 0 
1825 	 3.041083 	 0 
1826 	 3.041121 	 0 
1827 	 3.041475 	 0 
1828 	 3.041129 	 0 
1829 	 3.040803 	 2 
1830 	 3.041132 	 0 
1831 	 3.040735 	 1 
1832 	 3.040559 	 0 
1833 	 3.040499 	 1 
1834 	 3.040730 	 1 
1835 	 3.041071 	 0 
1836 	 3.040774 	 1 
1837 	 3.041027 	 0 
1838 	 3.041493 	 0 
1839 	 3.040698 	 0 
1840 	 3.041469 	 0 
1841 	 3.041028 	 1 
1842 	 3.040519 	 1 
1843 	 3.041365 	 0 
1844 	 3.041327 	 0 
1845 	 3.040658 	 0 
1846 	 3.040700 	 0 
1847 	 3.040792 	 0 
1848 	 3.040604 	 1 
1849 	 3.041630 	 0 
1850 	 3.040912 	 0 
1851 	 3.041274 	 0 
1852 	 3.040259 	 1 
1853 	 3.041110 	 0 
1854 	 3.040754 	 1 
1855 	 3.040947 	 0 
1856 	 3.040607 	 1 
1857 	 3.040993 	 0 
1858 	 3.040472 	 2 
1859 	 3.040010 	 2 
1860 	 3.040271 	 1 
1861 	 3.041405 	 0 
1862 	 3.041160 	 0 
1863 	 3.041011 	 0 
1864 	 3.041012 	 1 
1865 	 3.041456 	 0 
1866 	 3.040759 	 1 
1867 	 3.040841 	 0 
1868 	 3.040757 	 1 
1869 	 3.040628 	 1 
1870 	 3.041064 	 1 
1871 	 3.041455 	 0 
1872 	 3.041307 	 0 
1873 	 3.041348 	 0 
1874 	 3.040527 	 0 
1875 	 3.040587 	 2 
1876 	 3.040856 	 1 
1877 	 3.041048 	 1 
1878 	 3.041166 	 0 
1879 	 3.040529 	 0 
1880 	 3.040788 	 0 
1881 	 3.041005 	 0 
1882 	 3.040674 	 1 
1883 	 3.041419 	 0 
1884 	 3.040974 	 0 
1885 	 3.040933 	 1 
1886 	 3.040943 	 1 
1887 	 3.040718 	 0 
1888 	 3.041334 	 0 
1889 	 3.040752 	 1 
1890 	 3.040874 	 1 
1891 	 3.041223 	 0 
1892 	 3.041618 	 0 
1893 	 3.041230 	 1 
1894 	 3.041125 	 0 
1895 	 3.041224 	 0 
1896 	 3.041035 	 0 
1897 	 3.040884 	 0 
1898 	 3.041356 	 0 
1899 	 3.041134 	 1 
1900 	 3.041188 	 0 
1901 	 3.040741 	 0 
1902 	 3.040987 	 1 
1903 	 3.040987 	 0 
1904 	 3.040854 	 0 
1905 	 3.040996 	 1 
1906 	 3.040578 	 0 
1907 	 3.040566 	 0 
1908 	 3.041126 	 0 
1909 	 3.040878 	 0 
1910 	 3.040780 	 1 
1911 	 3.040823 	 0 
1912 	 3.041523 	 0 
1913 	 3.040359 	 1 
1914 	 3.041092 	 1 
1915 	 3.040898 	 0 
1916 	 3.041664 	 0 
1917 	 3.041055 	 0 
1918 	 3.040827 	 0 
1919 	 3.041179 	 0 
1920 	 3.040839 	 0 
1921 	 3.041474 	 0 
1922 	 3.041029 	 0 
1923 	 3.039597 	 2 
1924 	 3.040825 	 0 
1925 	 3.040418 	 1 
1926 	 3.040893 	 0 
1927 	 3.040840 	 0 
1928 	 3.040775 	 0 
1929 	 3.041475 	 0 
1930 	 3.040980 	 0 
1931 	 3.041325 	 0 
1932 	 3.041344 	 0 
1933 	 3.040623 	 1 
1934 	 3.041237 	 0 
1935 	 3.041172 	 0 
1936 	 3.041176 	 0 
1937 	 3.041070 	 0 
1938 	 3.041273 	 0 
1939 	 3.040892 	 0 
1940 	 3.040771 	 1 
1941 	 3.041508 	 0 
1942 	 3.041140 	 0 
1943 	 3.041322 	 0 
1944 	 3.041920 	 0 
1945 	 3.040885 	 0 
1946 	 3.040937 	 0 
1947 	 3.041084 	 0 
1948 	 3.041762 	 0 
1949 	 3.041056 	 0 
1950 	 3.041160 	 0 
1951 	 3.041438 	 1 
1952 	 3.040709 	 1 
1953 	 3.041343 	 0 
1954 	 3.041389 	 0 
1955 	 3.040946 	 1 
1956 	 3.041035 	 0 
1957 	 3.040583 	 0 
1958 	 3.040530 	 1 
1959 	 3.040468 	 1 
1960 	 3.041246 	 0 
1961 	 3.041358 	 0 
1962 	 3.040845 	 2 
1963 	 3.041034 	 0 
1964 	 3.040703 	 0 
1965 	 3.041161 	 0 
1966 	 3.040507 	 1 
1967 	 3.041192 	 0 
1968 	 3.041278 	 0 
1969 	 3.040973 	 0 
1970 	 3.041013 	 0 
1971 	 3.041129 	 1 
1972 	 3.040629 	 0 
1973 	 3.041464 	 0 
1974 	 3.040807 	 0 
1975 	 3.040125 	 2 
1976 	 3.040781 	 0 
1977 	 3.041172 	 0 
1978 	 3.041745 	 0 
1979 	 3.040600 	 1 
1980 	 3.041498 	 0 
1981 	 3.040667 	 0 
1982 	 3.041230 	 0 
1983 	 3.041061 	 0 
1984 	 3.040320 	 1 
1985 	 3.040892 	 1 
1986 	 3.040677 	 1 
1987 	 3.041540 	 0 
1988 	 3.040864 	 0 
1989 	 3.041616 	 0 
1990 	 3.040153 	 1 
1991 	 3.040487 	 1 
1992 	 3.040457 	 1 
1993 	 3.041065 	 0 
1994 	 3.040790 	 1 
1995 	 3.041075 	 0 
1996 	 3.039564 	 3 
1997 	 3.041575 	 0 
1998 	 3.041288 	 0 
1999 	 3.040960 	 0 
2000 	 3.040545 	 1 
2001 	 3.040790 	 1 
2002 	 3.041328 	 0 
2003 	 3.040836 	 0 
2004 	 3.040660 	 1 
2005 	 3.040806 	 1 
2006 	 3.041132 	 0 
2007 	 3.040985 	 0 
2008 	 3.040987 	 0 
2009 	 3.040975 	 0 
2010 	 3.040434 	 0 
2011 	 3.040834 	 0 
2012 	 3.041125 	 1 
2013 	 3.040552 	 0 
2014 	 3.040488 	 0 
2015 	 3.040850 	 0 
2016 	 3.040582 	 0 
2017 	 3.041153 	 0 
2018 	 3.041233 	 1 
2019 	 3.040595 	 0 
2020 	 3.040292 	 1 
2021 	 3.041063 	 0 
2022 	 3.041256 	 0 
2023 	 3.040870 	 1 
2024 	 3.040625 	 0 
2025 	 3.041259 	 0 
2026 	 3.041058 	 0 
2027 	 3.040391 	 2 
2028 	 3.040493 	 2 
2029 	 3.040781 	 0 
2030 	 3.041168 	 0 
2031 	 3.040879 	 1 
2032 	 3.042146 	 0 
2033 	 3.040894 	 0 
2034 	 3.040443 	 1 
2035 	 3.040709 	 1 
2036 	 3.040899 	 1 
2037 	 3.041176 	 0 
2038 	 3.041280 	 0 
2039 	 3.040910 	 0 
2040 	 3.040769 	 0 
2041 	 3.040654 	 1 
2042 	 3.040452 	 0 
2043 	 3.040530 	 0 
2044 	 3.041038 	 0 
2045 	 3.041251 	 0 
2046 	 3.040648 	 1 
2047 	 3.040923 	 1 
2048 	 3.041558 	 0 
2049 	 3.040725 	 1 
2050 	 3.040961 	 0 
2051 	 3.041211 	 0 
2052 	 3.040612 	 1 
2053 	 3.040473 	 2 
2054 	 3.040823 	 0 
2055 	 3.040771 	 0 
2056 	 3.039728 	 3 
2057 	 3.041407 	 0 
2058 	 3.040383 	 0 
2059 	 3.040679 	 0 
2060 	 3.040462 	 0 
2061 	 3.041375 	 0 
2062 	 3.040585 	 1 
2063 	 3.040855 	 0 
2064 	 3.041168 	 0 
2065 	 3.040668 	 1 
2066 	 3.041350 	 0 
2067 	 3.041454 	 0 
2068 	 3.040422 	 1 
2069 	 3.040844 	 0 
2070 	 3.041312 	 0 
2071 	 3.040493 	 0 
2072 	 3.041561 	 0 
2073 	 3.041476 	 0 
2074 	 3.040326 	 1 
2075 	 3.040495 	 1 
2076 	 3.040898 	 1 
2077 	 3.041036 	 0 
2078 	 3.041326 	 0 
2079 	 3.040702 	 1 
2080 	 3.041161 	 0 
2081 	 3.041470 	 0 
2082 	 3.041107 	 0 
2083 	 3.040405 	 2 
2084 	 3.041139 	 0 
2085 	 3.040487 	 1 
2086 	 3.041424 	 0 
2087 	 3.041449 	 0 
2088 	 3.040176 	 2 
2089 	 3.041282 	 0 
2090 	 3.041159 	 0 
2091 	 3.041550 	 0 
2092 	 3.041176 	 0 
2093 	 3.041000 	 0 
2094 	 3.040121 	 2 
2095 	 3.041027 	 0 
2096 	 3.041289 	 0 
2097 	 3.040460 	 1 
2098 	 3.040839 	 0 
2099 	 3.040900 	 1 
2100 	 3.041216 	 0 
2101 	 3.041373 	 0 
2102 	 3.040853 	 1 
2103 	 3.040778 	 2 
2104 	 3.041319 	 0 
2105 	 3.040985 	 0 
2106 	 3.040699 	 1 
2107 	 3.041141 	 1 
2108 	 3.041328 	 1 
2109 	 3.041473 	 0 
2110 	 3.040674 	 0 
2111 	 3.040323 	 1 
2112 	 3.041314 	 1 
2113 	 3.041638 	 0 
2114 	 3.041225 	 0 
2115 	 3.040687 	 0 
2116 	 3.041073 	 0 
2117 	 3.041329 	 1 
2118 	 3.041265 	 0 
2119 	 3.040793 	 0 
2120 	 3.040604 	 0 
2121 	 3.041223 	 0 
2122 	 3.040780 	 1 
2123 	 3.040837 	 1 
2124 	 3.040798 	 0 
2125 	 3.040886 	 0 
2126 	 3.040126 	 1 
2127 	 3.041421 	 0 
2128 	 3.040466 	 1 
2129 	 3.040987 	 0 
2130 	 3.041412 	 0 
2131 	 3.040664 	 1 
2132 	 3.040667 	 1 
2133 	 3.041497 	 0 
2134 	 3.041239 	 0 
2135 	 3.041614 	 0 
2136 	 3.040814 	 0 
2137 	 3.040462 	 1 
2138 	 3.040752 	 0 
2139 	 3.041607 	 0 
2140 	 3.040821 	 0 
2141 	 3.041328 	 0 
2142 	 3.040887 	 0 
2143 	 3.041344 	 0 
2144 	 3.040524 	 2 
2145 	 3.041452 	 0 
2146 	 3.041029 	 0 
2147 	 3.040928 	 0 
2148 	 3.041563 	 0 
2149 	 3.041233 	 0 
2150 	 3.041223 	 1 
2151 	 3.041414 	 0 
2152 	 3.041004 	 0 
2153 	 3.040894 	 0 
2154 	 3.040894 	 1 
2155 	 3.040482 	 0 
2156 	 3.040384 	 0 
2157 	 3.041338 	 0 
2158 	 3.040315 	 1 
2159 	 3.041125 	 1 
2160 	 3.041366 	 0 
2161 	 3.040968 	 0 
2162 	 3.041181 	 0 
2163 	 3.041017 	 0 
2164 	 3.041484 	 0 
2165 	 3.041851 	 0 
2166 	 3.040937 	 1 
2167 	 3.040203 	 2 
2168 	 3.040354 	 0 
2169 	 3.041616 	 0 
2170 	 3.041002 	 1 
2171 	 3.041300 	 0 
2172 	 3.040770 	 0 
2173 	 3.040634 	 1 
2174 	 3.040782 	 0 
2175 	 3.040890 	 0 
2176 	 3.041012 	 0 
2177 	 3.040445 	 0 
2178 	 3.041198 	 0 
2179 	 3.040656 	 1 
2180 	 3.040654 	 1 
2181 	 3.040908 	 1 
2182 	 3.040782 	 1 
2183 	 3.040981 	 0 
2184 	 3.041226 	 0 
2185 	 3.041273 	 0 
2186 	 3.041079 	 0 
2187 	 3.041260 	 1 
2188 	 3.040984 	 0 
2189 	 3.040794 	 1 
2190 	 3.040708 	 0 
2191 	 3.041146 	 1 
2192 	 3.041369 	 0 
2193 	 3.040984 	 0 
2194 	 3.040767 	 1 
2195 	 3.041557 	 0 
2196 	 3.041311 	 0 
2197 	 3.041057 	 0 
2198 	 3.040575 	 1 
2199 	 3.040672 	 1 
2200 	 3.041131 	 0 
2201 	 3.040837 	 0 
2202 	 3.040013 	 1 
2203 	 3.040843 	 0 
2204 	 3.040516 	 1 
2205 	 3.041007 	 1 
2206 	 3.041423 	 0 
2207 	 3.041063 	 0 
2208 	 3.040221 	 1 
2209 	 3.040600 	 1 
2210 	 3.041499 	 0 
2211 	 3.040920 	 0 
2212 	 3.040530 	 1 
2213 	 3.041032 	 0 
2214 	 3.041057 	 1 
2215 	 3.040288 	 1 
2216 	 3.041024 	 0 
2217 	 3.040804 	 1 
2218 	 3.040333 	 1 
2219 	 3.041308 	 0 
2220 	 3.041284 	 0 
2221 	 3.040979 	 1 
2222 	 3.041522 	 0 
2223 	 3.041261 	 0 
2224 	 3.040845 	 1 
2225 	 3.040509 	 2 
2226 	 3.040957 	 0 
2227 	 3.041330 	 0 
2228 	 3.040811 	 0 
2229 	 3.041037 	 0 
2230 	 3.040604 	 0 
2231 	 3.041131 	 0 
2232 	 3.041024 	 0 
2233 	 3.041377 	 0 
2234 	 3.041401 	 0 
2235 	 3.041151 	 0 
2236 	 3.041810 	 0 
2237 	 3.040559 	 0 
2238 	 3.040835 	 1 
2239 	 3.041078 	 0 
2240 	 3.040169 	 0 
2241 	 3.040735 	 1 
2242 	 3.041053 	 0 
2243 	 3.041173 	 0 
2244 	 3.040827 	 1 
2245 	 3.039744 	 3 
2246 	 3.040675 	 1 
2247 	 3.040448 	 1 
2248 	 3.040779 	 0 
2249 	 3.041321 	 0 
2250 	 3.041000 	 1 
2251 	 3.041295 	 1 
2252 	 3.041202 	 0 
2253 	 3.040894 	 0 
2254 	 3.040369 	 2 
2255 	 3.040901 	 0 
2256 	 3.041137 	 0 
2257 	 3.040691 	 0 
2258 	 3.041001 	 1 
2259 	 3.040528 	 1 
2260 	 3.041113 	 0 
2261 	 3.041480 	 0 
2262 	 3.040605 	 0 
2263 	 3.041125 	 0 
2264 	 3.041432 	 0 
2265 	 3.039969 	 2 
2266 	 3.040769 	 0 
2267 	 3.040320 	 1 
2268 	 3.040443 	 0 
2269 	 3.040718 	 1 
2270 	 3.040183 	 1 
2271 	 3.041014 	 0 
2272 	 3.040694 	 0 
2273 	 3.040364 	 1 
2274 	 3.040511 	 2 
2275 	 3.040954 	 0 
2276 	 3.040589 	 1 
2277 	 3.040867 	 0 
2278 	 3.040565 	 0 
2279 	 3.041109 	 0 
2280 	 3.041749 	 0 
2281 	 3.040878 	 0 
2282 	 3.040501 	 0 
2283 	 3.040768 	 0 
2284 	 3.041036 	 1 
2285 	 3.040142 	 2 
2286 	 3.040975 	 1 
2287 	 3.041364 	 0 
2288 	 3.040685 	 1 
2289 	 3.041163 	 0 
2290 	 3.040965 	 0 
2291 	 3.041158 	 0 
2292 	 3.041032 	 0 
2293 	 3.040748 	 0 
2294 	 3.040848 	 1 
2295 	 3.040910 	 1 
2296 	 3.040971 	 0 
2297 	 3.041540 	 0 
2298 	 3.041466 	 0 
2299 	 3.041002 	 0 
2300 	 3.041430 	 0 
2301 	 3.041116 	 1 
2302 	 3.041905 	 0 
2303 	 3.040743 	 0 
2304 	 3.040851 	 1 
2305 	 3.041035 	 0 
2306 	 3.041360 	 0 
2307 	 3.041494 	 0 
2308 	 3.041350 	 0 
2309 	 3.041087 	 0 
2310 	 3.041070 	 0 
2311 	 3.041115 	 0 
2312 	 3.041414 	 0 
2313 	 3.041275 	 0 
2314 	 3.041184 	 0 
2315 	 3.040828 	 1 
2316 	 3.041147 	 0 
2317 	 3.040945 	 0 
2318 	 3.040859 	 0 
2319 	 3.041455 	 0 
2320 	 3.040159 	 2 
2321 	 3.041573 	 1 
2322 	 3.040736 	 2 
2323 	 3.040565 	 0 
2324 	 3.041243 	 0 
2325 	 3.040911 	 0 
2326 	 3.041287 	 0 
2327 	 3.040836 	 0 
2328 	 3.041024 	 1 
2329 	 3.040962 	 0 
2330 	 3.040818 	 0 
2331 	 3.041046 	 0 
2332 	 3.041020 	 0 
2333 	 3.040765 	 1 
2334 	 3.040463 	 1 
2335 	 3.041416 	 1 
2336 	 3.040243 	 1 
2337 	 3.041174 	 0 
2338 	 3.040805 	 1 
2339 	 3.041247 	 1 
2340 	 3.041063 	 0 
2341 	 3.041152 	 1 
2342 	 3.041300 	 0 
2343 	 3.040750 	 1 
2344 	 3.041146 	 0 
2345 	 3.040498 	 1 
2346 	 3.040855 	 0 
2347 	 3.040410 	 1 
2348 	 3.041278 	 0 
2349 	 3.040693 	 0 
2350 	 3.041212 	 1 
2351 	 3.040137 	 2 
2352 	 3.041266 	 0 
2353 	 3.040995 	 1 
2354 	 3.040631 	 1 
2355 	 3.040461 	 1 
2356 	 3.041178 	 0 
2357 	 3.041064 	 0 
2358 	 3.041019 	 0 
2359 	 3.040716 	 0 
2360 	 3.041183 	 0 
2361 	 3.041228 	 0 
2362 	 3.041172 	 0 
2363 	 3.040829 	 0 
2364 	 3.040470 	 1 
2365 	 3.041178 	 0 
2366 	 3.040899 	 0 
2367 	 3.040861 	 0 
2368 	 3.040906 	 1 
2369 	 3.041223 	 0 
2370 	 3.040960 	 0 
2371 	 3.040772 	 2 
2372 	 3.040150 	 1 
2373 	 3.041480 	 0 
2374 	 3.041129 	 0 
2375 	 3.040898 	 0 
2376 	 3.040854 	 0 
2377 	 3.041534 	 0 
2378 	 3.041377 	 0 
2379 	 3.041199 	 0 
2380 	 3.041401 	 0 
2381 	 3.041232 	 1 
2382 	 3.040396 	 1 
2383 	 3.041381 	 0 
2384 	 3.041483 	 0 
2385 	 3.040191 	 1 
2386 	 3.040915 	 2 
2387 	 3.040669 	 1 
2388 	 3.040498 	 1 
2389 	 3.041276 	 0 
2390 	 3.041485 	 0 
2391 	 3.040589 	 2 
2392 	 3.040966 	 1 
2393 	 3.040904 	 0 
2394 	 3.040731 	 0 
2395 	 3.041176 	 0 
2396 	 3.041545 	 0 
2397 	 3.041304 	 1 
2398 	 3.040828 	 1 
2399 	 3.040860 	 0 
2400 	 3.040932 	 0 
