#Nombre d'essais = 1000000, 
#Poids de l'erreur = 4801, 
#Taille d'un bloc = 18, 
#Poids de h = 20. 
0 	 336.857605 	 0 
1 	 336.859314 	 0 
2 	 336.867218 	 0 
3 	 336.871338 	 0 
4 	 336.818390 	 0 
5 	 336.836517 	 0 
6 	 336.841309 	 0 
7 	 336.851837 	 0 
8 	 336.854065 	 0 
9 	 336.844635 	 0 
10 	 336.861572 	 0 
11 	 336.851288 	 0 
12 	 336.859894 	 0 
13 	 336.866760 	 0 
14 	 336.849976 	 0 
15 	 336.829102 	 0 
16 	 336.846985 	 0 
17 	 336.851959 	 0 
18 	 336.805145 	 0 
19 	 336.852051 	 0 
20 	 336.869598 	 0 
21 	 336.824066 	 0 
22 	 336.826874 	 0 
23 	 336.833374 	 0 
24 	 336.864319 	 0 
25 	 336.853882 	 0 
26 	 336.846069 	 0 
27 	 336.842194 	 0 
28 	 336.811981 	 0 
29 	 336.818665 	 0 
30 	 336.847961 	 0 
31 	 336.857635 	 0 
32 	 335.193970 	 1 
33 	 335.091034 	 1 
34 	 336.862762 	 0 
35 	 336.851135 	 0 
36 	 336.863159 	 0 
37 	 335.167664 	 1 
38 	 336.865295 	 0 
39 	 336.867615 	 0 
40 	 335.121216 	 1 
41 	 336.854279 	 0 
42 	 336.791229 	 0 
43 	 336.833862 	 0 
44 	 336.813049 	 0 
45 	 336.882812 	 0 
46 	 336.852356 	 0 
47 	 336.894440 	 0 
48 	 336.870209 	 0 
49 	 336.815704 	 0 
50 	 336.818909 	 0 
51 	 336.895721 	 0 
52 	 336.842682 	 0 
53 	 336.859436 	 0 
54 	 336.860718 	 0 
55 	 336.872498 	 0 
56 	 336.896667 	 0 
57 	 336.877655 	 0 
58 	 336.866486 	 0 
59 	 336.846863 	 0 
60 	 336.861877 	 0 
61 	 336.859436 	 0 
62 	 336.894348 	 0 
63 	 336.832916 	 0 
64 	 336.885803 	 0 
65 	 336.857574 	 0 
66 	 336.894226 	 0 
67 	 336.850006 	 0 
68 	 336.859436 	 0 
69 	 336.839844 	 0 
70 	 336.883850 	 0 
71 	 336.844666 	 0 
72 	 336.842255 	 0 
73 	 336.841187 	 0 
74 	 336.806274 	 0 
75 	 336.832855 	 0 
76 	 336.823761 	 0 
77 	 336.891632 	 0 
78 	 336.851501 	 0 
79 	 336.830872 	 0 
80 	 336.877716 	 0 
81 	 336.860138 	 0 
82 	 336.851379 	 0 
83 	 336.885193 	 0 
84 	 336.851624 	 0 
85 	 336.832489 	 0 
86 	 336.888123 	 0 
87 	 336.862915 	 0 
88 	 336.882477 	 0 
89 	 335.114014 	 1 
90 	 336.905853 	 0 
91 	 336.858429 	 0 
92 	 336.846497 	 0 
93 	 336.809326 	 0 
94 	 336.838104 	 0 
95 	 336.807709 	 0 
96 	 336.872498 	 0 
97 	 336.860016 	 0 
98 	 336.887756 	 0 
99 	 336.800537 	 0 
100 	 336.833649 	 0 
101 	 336.798981 	 0 
102 	 336.881134 	 0 
103 	 336.905304 	 0 
104 	 336.862152 	 0 
105 	 335.113922 	 1 
106 	 336.853333 	 0 
107 	 335.124481 	 1 
108 	 336.886292 	 0 
109 	 336.846832 	 0 
110 	 336.840607 	 0 
111 	 336.846710 	 0 
112 	 336.858246 	 0 
113 	 336.858795 	 0 
114 	 336.832794 	 0 
115 	 336.882202 	 0 
116 	 336.872467 	 0 
117 	 336.892517 	 0 
118 	 336.843811 	 0 
119 	 336.871155 	 0 
120 	 336.834290 	 0 
121 	 336.877838 	 0 
122 	 335.146790 	 1 
123 	 336.832733 	 0 
124 	 336.795502 	 0 
125 	 335.152832 	 1 
126 	 336.865936 	 0 
127 	 336.872559 	 0 
128 	 336.825592 	 0 
129 	 336.873169 	 0 
130 	 336.821686 	 0 
131 	 336.890289 	 0 
132 	 336.835693 	 0 
133 	 336.867035 	 0 
134 	 336.886017 	 0 
135 	 336.861450 	 0 
136 	 336.888641 	 0 
137 	 336.840424 	 0 
138 	 336.828583 	 0 
139 	 336.798798 	 0 
140 	 336.867462 	 0 
141 	 336.870300 	 0 
142 	 335.150177 	 1 
143 	 336.840424 	 0 
144 	 336.875854 	 0 
145 	 336.854950 	 0 
146 	 336.868500 	 0 
147 	 336.842987 	 0 
148 	 336.828583 	 0 
149 	 336.897308 	 0 
150 	 336.845612 	 0 
151 	 336.835815 	 0 
152 	 336.872620 	 0 
153 	 336.889923 	 0 
154 	 336.813293 	 0 
155 	 336.866180 	 0 
156 	 336.886505 	 0 
157 	 336.845154 	 0 
158 	 336.866486 	 0 
159 	 335.125977 	 1 
160 	 336.812805 	 0 
161 	 335.132904 	 1 
162 	 336.830414 	 0 
163 	 336.840454 	 0 
164 	 336.828217 	 0 
165 	 336.845062 	 0 
166 	 336.876038 	 0 
167 	 336.814941 	 0 
168 	 336.880554 	 0 
169 	 336.865631 	 0 
170 	 336.839630 	 0 
171 	 336.854858 	 0 
172 	 336.825867 	 0 
173 	 336.818726 	 0 
174 	 336.854584 	 0 
175 	 336.856628 	 0 
176 	 336.868805 	 0 
177 	 336.844299 	 0 
178 	 336.874817 	 0 
179 	 336.844574 	 0 
180 	 336.840393 	 0 
181 	 336.837799 	 0 
182 	 336.867157 	 0 
183 	 336.853638 	 0 
184 	 336.862274 	 0 
185 	 336.851532 	 0 
186 	 336.828674 	 0 
187 	 336.869568 	 0 
188 	 336.905975 	 0 
189 	 336.885742 	 0 
190 	 335.151306 	 1 
191 	 336.838806 	 0 
192 	 336.849731 	 0 
193 	 336.873383 	 0 
194 	 336.850891 	 0 
195 	 336.836517 	 0 
196 	 336.864380 	 0 
197 	 335.104370 	 1 
198 	 335.124634 	 1 
199 	 336.855255 	 0 
200 	 336.830627 	 0 
201 	 336.884064 	 0 
202 	 336.846924 	 0 
203 	 336.842804 	 0 
204 	 336.868530 	 0 
205 	 336.879517 	 0 
206 	 336.844299 	 0 
207 	 336.899750 	 0 
208 	 336.870056 	 0 
209 	 336.823181 	 0 
210 	 336.842682 	 0 
211 	 336.874603 	 0 
212 	 336.839752 	 0 
213 	 336.817505 	 0 
214 	 336.878235 	 0 
215 	 336.817047 	 0 
216 	 336.853271 	 0 
217 	 336.896973 	 0 
218 	 336.854401 	 0 
219 	 336.908051 	 0 
220 	 336.813782 	 0 
221 	 336.822723 	 0 
222 	 336.841064 	 0 
223 	 335.141541 	 1 
224 	 336.852234 	 0 
225 	 336.850952 	 0 
226 	 336.885498 	 0 
227 	 336.875336 	 0 
228 	 335.136902 	 1 
229 	 336.869476 	 0 
230 	 336.831329 	 0 
231 	 335.074677 	 1 
232 	 336.901917 	 0 
233 	 336.860992 	 0 
234 	 336.824219 	 0 
235 	 336.837219 	 0 
236 	 336.870758 	 0 
237 	 336.879700 	 0 
238 	 336.836334 	 0 
239 	 336.872345 	 0 
240 	 336.856720 	 0 
241 	 336.867432 	 0 
242 	 336.874054 	 0 
243 	 336.834412 	 0 
244 	 336.833588 	 0 
245 	 336.873352 	 0 
246 	 336.883148 	 0 
247 	 336.844330 	 0 
248 	 336.806305 	 0 
249 	 336.829376 	 0 
250 	 336.851227 	 0 
251 	 336.835052 	 0 
252 	 336.848785 	 0 
253 	 336.865295 	 0 
254 	 336.829376 	 0 
255 	 336.872498 	 0 
256 	 336.851868 	 0 
257 	 336.848602 	 0 
258 	 336.844757 	 0 
259 	 336.855927 	 0 
260 	 336.849396 	 0 
261 	 336.860565 	 0 
262 	 336.892975 	 0 
263 	 336.839355 	 0 
264 	 336.877045 	 0 
265 	 335.174927 	 1 
266 	 336.856049 	 0 
267 	 336.837738 	 0 
268 	 336.863190 	 0 
269 	 336.899597 	 0 
270 	 336.863739 	 0 
271 	 336.838379 	 0 
272 	 336.884583 	 0 
273 	 336.902985 	 0 
274 	 336.864868 	 0 
275 	 336.856415 	 0 
276 	 336.863220 	 0 
277 	 336.890503 	 0 
278 	 336.858490 	 0 
279 	 336.888245 	 0 
280 	 336.822968 	 0 
281 	 336.858185 	 0 
282 	 336.839935 	 0 
283 	 336.869080 	 0 
284 	 336.853516 	 0 
285 	 336.812653 	 0 
286 	 336.852570 	 0 
287 	 336.872803 	 0 
288 	 335.144775 	 1 
289 	 336.840118 	 0 
290 	 336.841919 	 0 
291 	 336.831085 	 0 
292 	 336.824860 	 0 
293 	 336.852783 	 0 
294 	 336.880005 	 0 
295 	 336.883484 	 0 
296 	 336.841064 	 0 
297 	 336.825409 	 0 
298 	 336.829498 	 0 
299 	 336.838867 	 0 
300 	 336.849121 	 0 
301 	 336.820099 	 0 
302 	 336.832764 	 0 
303 	 336.906921 	 0 
304 	 336.868896 	 0 
305 	 336.876770 	 0 
306 	 336.846649 	 0 
307 	 336.882568 	 0 
308 	 336.843781 	 0 
309 	 336.839935 	 0 
310 	 336.862213 	 0 
311 	 336.867004 	 0 
312 	 336.827515 	 0 
313 	 335.129120 	 1 
314 	 336.865631 	 0 
315 	 336.858459 	 0 
316 	 336.895538 	 0 
317 	 336.828979 	 0 
318 	 336.876709 	 0 
319 	 336.811493 	 0 
320 	 336.835510 	 0 
321 	 336.854980 	 0 
322 	 336.863190 	 0 
323 	 336.839325 	 0 
324 	 335.070740 	 1 
325 	 336.838043 	 0 
326 	 336.845520 	 0 
327 	 336.846405 	 0 
328 	 336.873535 	 0 
329 	 336.866852 	 0 
330 	 336.838623 	 0 
331 	 336.888702 	 0 
332 	 336.865265 	 0 
333 	 336.828430 	 0 
334 	 335.146179 	 1 
335 	 336.844940 	 0 
336 	 336.841400 	 0 
337 	 336.836578 	 0 
338 	 336.851074 	 0 
339 	 336.854645 	 0 
340 	 336.847717 	 0 
341 	 336.828064 	 0 
342 	 336.866028 	 0 
343 	 336.811066 	 0 
344 	 336.846283 	 0 
345 	 336.855408 	 0 
346 	 335.133179 	 1 
347 	 336.854980 	 0 
348 	 336.855927 	 0 
349 	 336.828674 	 0 
350 	 336.909363 	 0 
351 	 336.865448 	 0 
352 	 336.847931 	 0 
353 	 336.847382 	 0 
354 	 336.822174 	 0 
355 	 336.870544 	 0 
356 	 336.866760 	 0 
357 	 336.835938 	 0 
358 	 336.822052 	 0 
359 	 336.850830 	 0 
360 	 336.825378 	 0 
361 	 336.849762 	 0 
362 	 335.183075 	 1 
363 	 336.843109 	 0 
364 	 336.847504 	 0 
365 	 336.883942 	 0 
366 	 336.825592 	 0 
367 	 336.899048 	 0 
368 	 336.860901 	 0 
369 	 336.858673 	 0 
370 	 336.865967 	 0 
371 	 335.132599 	 1 
372 	 336.822632 	 0 
373 	 336.817963 	 0 
374 	 336.868652 	 0 
375 	 336.856842 	 0 
376 	 336.825867 	 0 
377 	 336.875122 	 0 
378 	 336.842682 	 0 
379 	 336.887177 	 0 
380 	 336.854462 	 0 
381 	 336.850281 	 0 
382 	 336.910492 	 0 
383 	 336.852692 	 0 
384 	 336.909790 	 0 
385 	 336.866486 	 0 
386 	 336.860809 	 0 
387 	 336.861023 	 0 
388 	 336.837311 	 0 
389 	 336.889954 	 0 
390 	 336.861420 	 0 
391 	 336.867767 	 0 
392 	 336.873505 	 0 
393 	 336.899078 	 0 
394 	 336.837433 	 0 
395 	 336.861389 	 0 
396 	 335.128937 	 1 
397 	 336.858856 	 0 
398 	 336.851257 	 0 
399 	 336.791840 	 0 
400 	 336.885651 	 0 
401 	 336.878632 	 0 
402 	 336.849518 	 0 
403 	 336.883301 	 0 
404 	 336.845673 	 0 
405 	 336.848633 	 0 
406 	 336.845123 	 0 
407 	 336.844788 	 0 
408 	 336.848328 	 0 
409 	 336.868530 	 0 
410 	 336.823425 	 0 
411 	 336.864655 	 0 
412 	 336.887329 	 0 
413 	 336.870392 	 0 
414 	 336.839325 	 0 
415 	 336.875671 	 0 
416 	 336.872162 	 0 
417 	 336.860504 	 0 
418 	 336.812408 	 0 
419 	 336.854675 	 0 
420 	 336.858429 	 0 
421 	 336.844788 	 0 
422 	 336.877838 	 0 
423 	 336.863800 	 0 
424 	 336.823517 	 0 
425 	 336.831360 	 0 
426 	 336.861420 	 0 
427 	 336.821381 	 0 
428 	 335.162476 	 1 
429 	 336.857941 	 0 
430 	 336.795990 	 0 
431 	 336.854828 	 0 
432 	 336.843567 	 0 
433 	 336.823029 	 0 
434 	 336.837067 	 0 
435 	 336.810730 	 0 
436 	 336.849792 	 0 
437 	 336.828979 	 0 
438 	 336.843048 	 0 
439 	 336.853851 	 0 
440 	 336.890656 	 0 
441 	 336.830536 	 0 
442 	 336.847992 	 0 
443 	 336.874237 	 0 
444 	 336.826874 	 0 
445 	 336.870697 	 0 
446 	 336.861420 	 0 
447 	 336.870453 	 0 
448 	 336.849792 	 0 
449 	 336.830078 	 0 
450 	 336.836761 	 0 
451 	 336.868927 	 0 
452 	 336.866180 	 0 
453 	 336.850494 	 0 
454 	 336.846466 	 0 
455 	 336.849396 	 0 
456 	 336.889679 	 0 
457 	 336.863190 	 0 
458 	 336.872925 	 0 
459 	 336.879669 	 0 
460 	 335.146759 	 1 
461 	 336.858551 	 0 
462 	 336.845947 	 0 
463 	 336.835297 	 0 
464 	 336.884308 	 0 
465 	 336.860229 	 0 
466 	 336.878418 	 0 
467 	 336.836578 	 0 
468 	 336.849457 	 0 
469 	 336.865051 	 0 
470 	 336.820801 	 0 
471 	 336.852631 	 0 
472 	 336.826965 	 0 
473 	 336.851227 	 0 
474 	 336.801788 	 0 
475 	 336.834473 	 0 
476 	 336.830017 	 0 
477 	 335.144135 	 1 
478 	 336.867188 	 0 
479 	 336.855377 	 0 
480 	 336.894135 	 0 
481 	 336.856110 	 0 
482 	 336.850677 	 0 
483 	 336.814453 	 0 
484 	 336.835022 	 0 
485 	 336.830780 	 0 
486 	 336.823730 	 0 
487 	 336.860840 	 0 
488 	 336.862549 	 0 
489 	 336.862671 	 0 
490 	 336.829468 	 0 
491 	 336.855927 	 0 
492 	 336.897339 	 0 
493 	 336.808014 	 0 
494 	 335.107910 	 1 
495 	 336.848328 	 0 
496 	 336.833710 	 0 
497 	 336.850952 	 0 
498 	 336.856964 	 0 
499 	 336.850983 	 0 
500 	 336.834229 	 0 
501 	 336.794434 	 0 
502 	 336.860413 	 0 
503 	 336.823212 	 0 
504 	 336.843964 	 0 
505 	 336.787842 	 0 
506 	 336.835571 	 0 
507 	 336.874969 	 0 
508 	 336.831543 	 0 
509 	 336.897369 	 0 
510 	 336.853180 	 0 
511 	 336.871124 	 0 
512 	 336.846252 	 0 
513 	 336.815521 	 0 
514 	 336.830231 	 0 
515 	 336.838409 	 0 
516 	 335.139740 	 1 
517 	 336.861816 	 0 
518 	 336.881531 	 0 
519 	 336.792358 	 0 
520 	 336.875763 	 0 
521 	 336.911652 	 0 
522 	 336.841431 	 0 
523 	 335.147186 	 1 
524 	 336.857635 	 0 
525 	 336.840057 	 0 
526 	 336.872589 	 0 
527 	 336.884827 	 0 
528 	 336.798035 	 0 
529 	 336.841919 	 0 
530 	 336.862183 	 0 
531 	 336.858948 	 0 
532 	 336.875488 	 0 
533 	 336.830078 	 0 
534 	 336.873138 	 0 
535 	 336.828400 	 0 
536 	 335.141602 	 1 
537 	 336.825531 	 0 
538 	 336.868988 	 0 
539 	 336.843964 	 0 
540 	 336.877289 	 0 
541 	 336.857666 	 0 
542 	 336.856232 	 0 
543 	 336.879242 	 0 
544 	 336.846222 	 0 
545 	 336.874786 	 0 
546 	 336.881958 	 0 
547 	 336.868439 	 0 
548 	 336.859619 	 0 
549 	 336.842743 	 0 
550 	 335.118225 	 1 
551 	 335.104126 	 1 
552 	 336.845612 	 0 
553 	 336.848053 	 0 
554 	 335.142029 	 1 
555 	 336.866699 	 0 
556 	 336.854401 	 0 
557 	 336.890961 	 0 
558 	 336.873840 	 0 
559 	 336.839996 	 0 
560 	 336.859558 	 0 
561 	 335.126373 	 1 
562 	 336.925323 	 0 
563 	 336.931732 	 0 
564 	 336.830231 	 0 
565 	 336.871552 	 0 
566 	 336.863190 	 0 
567 	 336.842743 	 0 
568 	 336.841614 	 0 
569 	 336.850098 	 0 
570 	 336.843201 	 0 
571 	 336.857697 	 0 
572 	 336.859741 	 0 
573 	 336.866058 	 0 
574 	 336.884735 	 0 
575 	 336.841400 	 0 
576 	 336.820038 	 0 
577 	 336.829834 	 0 
578 	 336.845093 	 0 
579 	 336.844482 	 0 
580 	 336.835754 	 0 
581 	 336.848236 	 0 
582 	 336.842865 	 0 
583 	 336.821106 	 0 
584 	 336.845825 	 0 
585 	 336.861359 	 0 
586 	 336.838287 	 0 
587 	 336.876312 	 0 
588 	 336.906403 	 0 
589 	 336.894775 	 0 
590 	 336.787537 	 0 
591 	 335.155334 	 1 
592 	 336.848480 	 0 
593 	 336.880981 	 0 
594 	 336.864136 	 0 
595 	 336.855957 	 0 
596 	 336.890656 	 0 
597 	 336.846924 	 0 
598 	 336.813385 	 0 
599 	 336.857147 	 0 
600 	 336.836121 	 0 
601 	 336.833496 	 0 
602 	 336.864075 	 0 
603 	 333.419281 	 2 
604 	 336.882446 	 0 
605 	 336.875427 	 0 
606 	 336.838074 	 0 
607 	 336.867493 	 0 
608 	 336.824707 	 0 
609 	 336.855591 	 0 
610 	 336.921082 	 0 
611 	 336.836182 	 0 
612 	 336.861023 	 0 
613 	 335.118225 	 1 
614 	 336.857941 	 0 
615 	 336.831268 	 0 
616 	 336.850525 	 0 
617 	 336.843170 	 0 
618 	 336.896606 	 0 
619 	 336.887268 	 0 
620 	 336.899048 	 0 
621 	 336.889679 	 0 
622 	 336.826233 	 0 
623 	 336.862854 	 0 
624 	 336.865295 	 0 
625 	 336.863190 	 0 
626 	 335.131439 	 1 
627 	 336.801575 	 0 
628 	 336.857025 	 0 
629 	 336.848114 	 0 
630 	 336.835693 	 0 
631 	 336.867065 	 0 
632 	 336.858246 	 0 
633 	 336.816315 	 0 
634 	 336.885559 	 0 
635 	 336.831329 	 0 
636 	 336.850830 	 0 
637 	 335.163208 	 1 
638 	 336.889404 	 0 
639 	 336.823242 	 0 
640 	 336.818787 	 0 
641 	 336.824738 	 0 
642 	 336.797363 	 0 
643 	 336.856567 	 0 
644 	 335.069824 	 1 
645 	 336.855621 	 0 
646 	 336.870605 	 0 
647 	 336.844238 	 0 
648 	 336.877838 	 0 
649 	 336.853149 	 0 
650 	 336.819855 	 0 
651 	 335.167145 	 1 
652 	 336.857208 	 0 
653 	 336.861938 	 0 
654 	 336.869568 	 0 
655 	 336.831116 	 0 
656 	 336.813171 	 0 
657 	 336.857941 	 0 
658 	 336.891144 	 0 
659 	 335.139435 	 1 
660 	 336.852875 	 0 
661 	 336.869812 	 0 
662 	 336.866058 	 0 
663 	 336.779968 	 0 
664 	 336.877960 	 0 
665 	 336.804169 	 0 
666 	 336.839142 	 0 
667 	 336.879822 	 0 
668 	 336.869232 	 0 
669 	 336.842865 	 0 
670 	 336.838470 	 0 
671 	 336.825409 	 0 
672 	 336.826050 	 0 
673 	 336.851044 	 0 
674 	 336.815765 	 0 
675 	 336.852234 	 0 
676 	 336.869476 	 0 
677 	 336.813812 	 0 
678 	 335.165649 	 1 
679 	 336.863708 	 0 
680 	 336.820648 	 0 
681 	 336.843262 	 0 
682 	 336.823730 	 0 
683 	 336.865356 	 0 
684 	 336.837982 	 0 
685 	 336.842316 	 0 
686 	 336.855835 	 0 
687 	 336.860046 	 0 
688 	 336.848999 	 0 
689 	 336.811279 	 0 
690 	 336.805054 	 0 
691 	 336.825897 	 0 
692 	 336.812408 	 0 
693 	 336.862122 	 0 
694 	 336.864807 	 0 
695 	 336.835571 	 0 
696 	 336.836609 	 0 
697 	 336.863190 	 0 
698 	 336.839874 	 0 
699 	 336.814606 	 0 
700 	 336.848206 	 0 
701 	 336.844818 	 0 
702 	 336.837524 	 0 
703 	 336.874878 	 0 
704 	 336.836884 	 0 
705 	 336.852478 	 0 
706 	 336.841003 	 0 
707 	 336.849640 	 0 
708 	 336.853760 	 0 
709 	 336.891754 	 0 
710 	 336.838898 	 0 
711 	 336.873657 	 0 
712 	 335.134094 	 1 
713 	 336.832214 	 0 
714 	 336.869293 	 0 
715 	 336.861115 	 0 
716 	 335.149780 	 1 
717 	 336.873810 	 0 
718 	 336.839722 	 0 
719 	 336.844208 	 0 
720 	 336.859711 	 0 
721 	 335.161560 	 1 
722 	 336.848694 	 0 
723 	 336.831940 	 0 
724 	 336.892731 	 0 
725 	 336.853241 	 0 
726 	 336.865417 	 0 
727 	 336.857513 	 0 
728 	 336.818420 	 0 
729 	 336.882599 	 0 
730 	 336.811462 	 0 
731 	 336.856567 	 0 
732 	 336.881592 	 0 
733 	 336.879486 	 0 
734 	 336.854584 	 0 
735 	 336.877594 	 0 
736 	 336.844940 	 0 
737 	 336.845032 	 0 
738 	 336.851562 	 0 
739 	 336.846375 	 0 
740 	 336.834351 	 0 
741 	 336.879089 	 0 
742 	 335.169403 	 1 
743 	 336.862152 	 0 
744 	 336.882507 	 0 
745 	 336.880676 	 0 
746 	 335.146515 	 1 
747 	 336.860657 	 0 
748 	 336.842957 	 0 
749 	 335.153564 	 1 
750 	 336.854889 	 0 
751 	 335.134521 	 1 
752 	 336.873352 	 0 
753 	 335.132477 	 1 
754 	 336.874786 	 0 
755 	 336.826782 	 0 
756 	 336.833252 	 0 
757 	 336.880798 	 0 
758 	 336.853149 	 0 
759 	 335.119659 	 1 
760 	 336.878357 	 0 
761 	 336.902527 	 0 
762 	 336.878937 	 0 
763 	 336.855713 	 0 
764 	 336.810120 	 0 
765 	 336.831299 	 0 
766 	 336.825378 	 0 
767 	 336.849823 	 0 
768 	 336.834808 	 0 
769 	 336.852020 	 0 
770 	 336.846375 	 0 
771 	 336.880951 	 0 
772 	 336.848053 	 0 
773 	 336.833405 	 0 
774 	 336.808685 	 0 
775 	 335.118744 	 1 
776 	 336.882202 	 0 
777 	 336.826599 	 0 
778 	 336.849792 	 0 
779 	 336.856354 	 0 
780 	 336.880402 	 0 
781 	 336.880341 	 0 
782 	 336.884979 	 0 
783 	 336.833740 	 0 
784 	 335.110474 	 1 
785 	 335.114929 	 1 
786 	 336.846680 	 0 
787 	 335.114075 	 1 
788 	 336.838409 	 0 
789 	 336.870087 	 0 
790 	 336.860382 	 0 
791 	 336.812134 	 0 
792 	 336.845367 	 0 
793 	 336.830994 	 0 
794 	 336.814697 	 0 
795 	 336.845520 	 0 
796 	 336.843750 	 0 
797 	 336.861115 	 0 
798 	 336.855103 	 0 
799 	 336.833038 	 0 
800 	 336.882782 	 0 
801 	 336.843597 	 0 
802 	 336.887451 	 0 
803 	 336.833130 	 0 
804 	 336.835754 	 0 
805 	 336.860504 	 0 
806 	 336.872894 	 0 
807 	 336.862183 	 0 
808 	 336.873993 	 0 
809 	 336.839386 	 0 
810 	 336.836853 	 0 
811 	 336.844635 	 0 
812 	 336.821045 	 0 
813 	 336.874878 	 0 
814 	 336.834869 	 0 
815 	 336.867554 	 0 
816 	 336.887299 	 0 
817 	 336.849274 	 0 
818 	 335.154938 	 1 
819 	 336.869385 	 0 
820 	 336.849915 	 0 
821 	 336.851166 	 0 
822 	 336.820923 	 0 
823 	 336.839294 	 0 
824 	 336.856934 	 0 
825 	 335.138519 	 1 
826 	 336.877319 	 0 
827 	 336.828735 	 0 
828 	 336.885803 	 0 
829 	 336.828247 	 0 
830 	 336.848938 	 0 
831 	 336.849243 	 0 
832 	 336.834839 	 0 
833 	 336.858032 	 0 
834 	 336.883545 	 0 
835 	 336.835602 	 0 
836 	 336.873779 	 0 
837 	 336.866180 	 0 
838 	 336.882996 	 0 
839 	 336.825592 	 0 
840 	 336.873779 	 0 
841 	 336.849548 	 0 
842 	 336.815613 	 0 
843 	 336.845825 	 0 
844 	 336.798553 	 0 
845 	 336.864685 	 0 
846 	 336.816193 	 0 
847 	 336.826172 	 0 
848 	 336.860535 	 0 
849 	 336.855927 	 0 
850 	 335.109772 	 1 
851 	 336.827942 	 0 
852 	 336.818756 	 0 
853 	 336.841339 	 0 
854 	 336.873505 	 0 
855 	 336.870972 	 0 
856 	 336.887543 	 0 
857 	 336.847870 	 0 
858 	 336.856323 	 0 
859 	 336.866547 	 0 
860 	 336.801025 	 0 
861 	 336.862091 	 0 
862 	 336.857361 	 0 
863 	 336.854919 	 0 
864 	 336.852966 	 0 
865 	 336.867737 	 0 
866 	 336.831696 	 0 
867 	 336.801208 	 0 
868 	 336.833527 	 0 
869 	 336.853699 	 0 
870 	 336.824158 	 0 
871 	 336.874329 	 0 
872 	 336.840820 	 0 
873 	 336.785461 	 0 
874 	 336.886902 	 0 
875 	 336.864624 	 0 
876 	 336.817535 	 0 
877 	 336.880157 	 0 
878 	 336.816315 	 0 
879 	 335.133850 	 1 
880 	 336.845703 	 0 
881 	 336.886841 	 0 
882 	 336.860992 	 0 
883 	 335.159302 	 1 
884 	 336.851471 	 0 
885 	 336.802826 	 0 
886 	 336.867676 	 0 
887 	 336.839050 	 0 
888 	 336.819946 	 0 
889 	 336.888062 	 0 
890 	 336.867401 	 0 
891 	 336.857239 	 0 
892 	 336.849121 	 0 
893 	 336.829407 	 0 
894 	 336.848114 	 0 
895 	 336.897797 	 0 
896 	 336.891327 	 0 
897 	 336.850067 	 0 
898 	 336.832123 	 0 
899 	 336.838104 	 0 
900 	 336.850525 	 0 
901 	 336.827087 	 0 
902 	 336.852997 	 0 
903 	 336.866089 	 0 
904 	 336.854462 	 0 
905 	 336.874512 	 0 
906 	 336.867706 	 0 
907 	 336.856415 	 0 
908 	 336.832886 	 0 
909 	 336.880005 	 0 
910 	 336.844910 	 0 
911 	 335.116608 	 1 
912 	 336.854218 	 0 
913 	 336.864777 	 0 
914 	 336.851898 	 0 
915 	 336.886230 	 0 
916 	 336.870178 	 0 
917 	 336.846710 	 0 
918 	 336.800110 	 0 
919 	 336.811707 	 0 
920 	 336.845734 	 0 
921 	 336.896423 	 0 
922 	 336.806061 	 0 
923 	 336.853241 	 0 
924 	 336.855530 	 0 
925 	 336.846008 	 0 
926 	 336.857513 	 0 
927 	 336.886230 	 0 
928 	 336.837219 	 0 
929 	 336.858734 	 0 
930 	 336.844543 	 0 
931 	 336.872803 	 0 
932 	 336.852356 	 0 
933 	 336.854218 	 0 
934 	 336.815369 	 0 
935 	 336.856232 	 0 
936 	 336.833466 	 0 
937 	 336.867981 	 0 
938 	 336.813080 	 0 
939 	 336.887177 	 0 
940 	 335.123413 	 1 
941 	 336.827271 	 0 
942 	 336.855133 	 0 
943 	 336.820984 	 0 
944 	 335.130188 	 1 
945 	 336.864044 	 0 
946 	 336.832886 	 0 
947 	 336.820679 	 0 
948 	 335.158386 	 1 
949 	 336.821991 	 0 
950 	 336.864685 	 0 
951 	 336.853882 	 0 
952 	 336.835236 	 0 
953 	 336.874481 	 0 
954 	 336.872986 	 0 
955 	 336.852631 	 0 
956 	 336.830933 	 0 
957 	 336.840393 	 0 
958 	 336.828827 	 0 
959 	 336.831390 	 0 
960 	 336.840698 	 0 
961 	 336.830933 	 0 
962 	 336.852905 	 0 
963 	 336.872131 	 0 
964 	 336.859436 	 0 
965 	 336.849152 	 0 
966 	 336.851044 	 0 
967 	 336.827667 	 0 
968 	 336.850220 	 0 
969 	 336.854309 	 0 
970 	 336.864746 	 0 
971 	 336.839783 	 0 
972 	 336.849030 	 0 
973 	 335.138947 	 1 
974 	 336.888580 	 0 
975 	 333.435852 	 2 
976 	 336.856537 	 0 
977 	 336.859558 	 0 
978 	 336.840729 	 0 
979 	 336.825165 	 0 
980 	 336.856079 	 0 
981 	 336.806061 	 0 
982 	 336.865326 	 0 
983 	 336.866028 	 0 
984 	 336.839233 	 0 
985 	 336.891602 	 0 
986 	 336.874329 	 0 
987 	 336.896667 	 0 
988 	 336.837738 	 0 
989 	 336.840332 	 0 
990 	 336.854523 	 0 
991 	 336.827301 	 0 
992 	 336.826843 	 0 
993 	 336.844604 	 0 
994 	 336.874786 	 0 
995 	 336.830994 	 0 
996 	 336.854584 	 0 
997 	 336.877380 	 0 
998 	 336.843964 	 0 
999 	 336.806885 	 0 
1000 	 336.866394 	 0 
1001 	 336.845398 	 0 
1002 	 336.846069 	 0 
1003 	 336.884827 	 0 
1004 	 336.867920 	 0 
1005 	 336.850769 	 0 
1006 	 336.857086 	 0 
1007 	 336.834991 	 0 
1008 	 336.858124 	 0 
1009 	 335.171661 	 1 
1010 	 336.922485 	 0 
1011 	 336.864532 	 0 
1012 	 336.844727 	 0 
1013 	 336.840820 	 0 
1014 	 336.812134 	 0 
1015 	 336.829803 	 0 
1016 	 335.134186 	 1 
1017 	 335.175385 	 1 
1018 	 336.862183 	 0 
1019 	 336.885010 	 0 
1020 	 336.822662 	 0 
1021 	 336.819122 	 0 
1022 	 336.847290 	 0 
1023 	 336.868286 	 0 
1024 	 336.868134 	 0 
1025 	 336.845734 	 0 
1026 	 336.842804 	 0 
1027 	 336.888214 	 0 
1028 	 336.901611 	 0 
1029 	 336.845032 	 0 
1030 	 336.870941 	 0 
1031 	 336.880493 	 0 
1032 	 336.870453 	 0 
1033 	 336.836761 	 0 
1034 	 336.848785 	 0 
1035 	 336.850739 	 0 
1036 	 336.872650 	 0 
1037 	 336.883667 	 0 
1038 	 336.861847 	 0 
1039 	 336.847321 	 0 
1040 	 336.869995 	 0 
1041 	 335.103394 	 1 
1042 	 336.872620 	 0 
1043 	 336.829132 	 0 
1044 	 336.842072 	 0 
1045 	 336.850647 	 0 
1046 	 336.876190 	 0 
1047 	 336.879730 	 0 
1048 	 336.855957 	 0 
1049 	 336.857483 	 0 
1050 	 335.142273 	 1 
1051 	 336.858704 	 0 
1052 	 336.852905 	 0 
1053 	 336.888275 	 0 
1054 	 336.863647 	 0 
1055 	 336.899811 	 0 
1056 	 336.802582 	 0 
1057 	 336.848602 	 0 
1058 	 336.834991 	 0 
1059 	 336.851562 	 0 
1060 	 336.835114 	 0 
1061 	 336.834198 	 0 
1062 	 336.827362 	 0 
1063 	 336.849487 	 0 
1064 	 336.841827 	 0 
1065 	 336.899292 	 0 
1066 	 336.877167 	 0 
1067 	 336.838867 	 0 
1068 	 336.903961 	 0 
1069 	 336.830444 	 0 
1070 	 336.873474 	 0 
1071 	 336.877197 	 0 
1072 	 336.810181 	 0 
1073 	 336.855042 	 0 
1074 	 336.869598 	 0 
1075 	 336.882019 	 0 
1076 	 336.826752 	 0 
1077 	 336.861053 	 0 
1078 	 335.129669 	 1 
1079 	 336.841064 	 0 
1080 	 336.872559 	 0 
1081 	 335.159790 	 1 
1082 	 336.829865 	 0 
1083 	 336.859375 	 0 
1084 	 336.867706 	 0 
1085 	 336.850830 	 0 
1086 	 336.866425 	 0 
1087 	 336.828217 	 0 
1088 	 336.893463 	 0 
1089 	 336.851624 	 0 
1090 	 336.907257 	 0 
1091 	 336.847687 	 0 
1092 	 336.839935 	 0 
1093 	 336.882843 	 0 
1094 	 336.862640 	 0 
1095 	 336.852081 	 0 
1096 	 336.855377 	 0 
1097 	 336.855499 	 0 
1098 	 335.117737 	 1 
1099 	 336.827148 	 0 
1100 	 336.833130 	 0 
1101 	 336.875916 	 0 
1102 	 336.844635 	 0 
1103 	 336.840698 	 0 
1104 	 336.868713 	 0 
1105 	 336.875885 	 0 
1106 	 336.863220 	 0 
1107 	 336.820892 	 0 
1108 	 336.860931 	 0 
1109 	 336.854736 	 0 
1110 	 336.817871 	 0 
1111 	 336.843781 	 0 
1112 	 336.824646 	 0 
1113 	 336.823059 	 0 
1114 	 336.833557 	 0 
1115 	 336.888855 	 0 
1116 	 336.814697 	 0 
1117 	 336.805084 	 0 
1118 	 336.873138 	 0 
1119 	 336.839386 	 0 
1120 	 336.867523 	 0 
1121 	 336.808228 	 0 
1122 	 335.149689 	 1 
1123 	 336.841339 	 0 
1124 	 336.887207 	 0 
1125 	 336.843109 	 0 
1126 	 336.857605 	 0 
1127 	 336.827057 	 0 
1128 	 336.829010 	 0 
1129 	 336.842865 	 0 
1130 	 336.832184 	 0 
1131 	 336.896667 	 0 
1132 	 335.159698 	 1 
1133 	 336.868530 	 0 
1134 	 336.861633 	 0 
1135 	 335.113892 	 1 
1136 	 336.853516 	 0 
1137 	 336.865936 	 0 
1138 	 336.841675 	 0 
1139 	 335.162109 	 1 
1140 	 336.849182 	 0 
1141 	 336.847290 	 0 
1142 	 336.855347 	 0 
1143 	 336.916870 	 0 
1144 	 336.867889 	 0 
1145 	 336.883057 	 0 
1146 	 336.846741 	 0 
1147 	 336.822449 	 0 
1148 	 336.860565 	 0 
1149 	 336.850098 	 0 
1150 	 335.155243 	 1 
1151 	 336.837982 	 0 
1152 	 336.827484 	 0 
1153 	 336.844849 	 0 
1154 	 336.883362 	 0 
1155 	 336.867157 	 0 
1156 	 336.887848 	 0 
1157 	 336.863892 	 0 
1158 	 336.844177 	 0 
1159 	 336.806244 	 0 
1160 	 336.869232 	 0 
1161 	 336.839783 	 0 
1162 	 336.846100 	 0 
1163 	 336.860962 	 0 
1164 	 336.851196 	 0 
1165 	 336.901428 	 0 
1166 	 336.826630 	 0 
1167 	 336.849731 	 0 
1168 	 335.160522 	 1 
1169 	 336.802887 	 0 
1170 	 336.832611 	 0 
1171 	 336.812164 	 0 
1172 	 335.145294 	 1 
1173 	 336.924164 	 0 
1174 	 336.871216 	 0 
1175 	 336.869812 	 0 
1176 	 336.880646 	 0 
1177 	 336.838898 	 0 
1178 	 336.874329 	 0 
1179 	 336.850983 	 0 
1180 	 336.832245 	 0 
1181 	 336.905487 	 0 
1182 	 336.875580 	 0 
1183 	 336.855347 	 0 
1184 	 336.827301 	 0 
1185 	 336.870605 	 0 
1186 	 336.839813 	 0 
1187 	 336.836121 	 0 
1188 	 335.143585 	 1 
1189 	 336.822845 	 0 
1190 	 336.894775 	 0 
1191 	 336.838745 	 0 
1192 	 336.826324 	 0 
1193 	 336.848419 	 0 
1194 	 336.865356 	 0 
1195 	 335.078613 	 1 
1196 	 336.885681 	 0 
1197 	 336.858612 	 0 
1198 	 336.892242 	 0 
1199 	 336.854218 	 0 
1200 	 336.874329 	 0 
1201 	 336.879578 	 0 
1202 	 336.846954 	 0 
1203 	 336.862579 	 0 
1204 	 336.847992 	 0 
1205 	 336.921265 	 0 
1206 	 336.840607 	 0 
1207 	 335.149200 	 1 
1208 	 336.870697 	 0 
1209 	 336.861145 	 0 
1210 	 336.853149 	 0 
1211 	 336.877197 	 0 
1212 	 336.855042 	 0 
1213 	 336.828735 	 0 
1214 	 336.808136 	 0 
1215 	 336.846497 	 0 
1216 	 336.857147 	 0 
1217 	 336.860687 	 0 
1218 	 336.849945 	 0 
1219 	 336.829529 	 0 
1220 	 336.852844 	 0 
1221 	 336.886993 	 0 
1222 	 336.828766 	 0 
1223 	 336.843719 	 0 
1224 	 336.787292 	 0 
1225 	 336.886353 	 0 
1226 	 336.852448 	 0 
1227 	 336.869812 	 0 
1228 	 336.894592 	 0 
1229 	 335.142487 	 1 
1230 	 336.824219 	 0 
1231 	 336.820587 	 0 
1232 	 336.859802 	 0 
1233 	 336.821564 	 0 
1234 	 336.891052 	 0 
1235 	 336.837402 	 0 
1236 	 336.830627 	 0 
1237 	 336.857574 	 0 
1238 	 336.811127 	 0 
1239 	 336.857849 	 0 
1240 	 335.091949 	 1 
1241 	 333.473206 	 2 
1242 	 336.860199 	 0 
1243 	 336.870361 	 0 
1244 	 336.855835 	 0 
1245 	 336.872589 	 0 
1246 	 335.162109 	 1 
1247 	 336.833893 	 0 
1248 	 335.129761 	 1 
1249 	 336.793579 	 0 
1250 	 336.821838 	 0 
1251 	 336.865082 	 0 
1252 	 336.847992 	 0 
1253 	 336.914154 	 0 
1254 	 336.848877 	 0 
1255 	 336.877441 	 0 
1256 	 336.850220 	 0 
1257 	 336.866486 	 0 
1258 	 335.130890 	 1 
1259 	 336.863556 	 0 
1260 	 336.851135 	 0 
1261 	 336.852753 	 0 
1262 	 336.871185 	 0 
1263 	 336.847900 	 0 
1264 	 336.873779 	 0 
1265 	 336.845245 	 0 
1266 	 336.884521 	 0 
1267 	 335.130890 	 1 
1268 	 336.877808 	 0 
1269 	 336.818054 	 0 
1270 	 335.106720 	 1 
1271 	 336.841644 	 0 
1272 	 336.854431 	 0 
1273 	 335.117523 	 1 
1274 	 336.857025 	 0 
1275 	 336.852600 	 0 
1276 	 335.171600 	 1 
1277 	 336.872070 	 0 
1278 	 336.881561 	 0 
1279 	 335.129456 	 1 
1280 	 336.812012 	 0 
1281 	 336.858978 	 0 
1282 	 335.125153 	 1 
1283 	 336.856415 	 0 
1284 	 336.832123 	 0 
1285 	 336.823822 	 0 
1286 	 336.834534 	 0 
1287 	 336.854187 	 0 
1288 	 336.857697 	 0 
1289 	 336.852142 	 0 
1290 	 336.892090 	 0 
1291 	 336.845215 	 0 
1292 	 336.862122 	 0 
1293 	 336.865021 	 0 
1294 	 336.847748 	 0 
1295 	 336.872620 	 0 
1296 	 336.839905 	 0 
1297 	 336.824341 	 0 
1298 	 336.860718 	 0 
1299 	 336.835815 	 0 
1300 	 336.848419 	 0 
1301 	 336.844177 	 0 
1302 	 336.861115 	 0 
1303 	 336.856903 	 0 
1304 	 336.862488 	 0 
1305 	 336.827698 	 0 
1306 	 336.858215 	 0 
1307 	 336.858826 	 0 
1308 	 335.170441 	 1 
1309 	 336.862854 	 0 
1310 	 336.885071 	 0 
1311 	 335.142700 	 1 
1312 	 336.851837 	 0 
1313 	 336.888000 	 0 
1314 	 336.842682 	 0 
1315 	 336.841278 	 0 
1316 	 336.891571 	 0 
1317 	 336.868866 	 0 
1318 	 336.858765 	 0 
1319 	 336.826691 	 0 
1320 	 336.826904 	 0 
1321 	 336.822845 	 0 
1322 	 336.870544 	 0 
1323 	 336.805023 	 0 
1324 	 336.827087 	 0 
1325 	 336.878113 	 0 
1326 	 336.829956 	 0 
1327 	 336.868469 	 0 
1328 	 336.842377 	 0 
1329 	 336.908600 	 0 
1330 	 335.168030 	 1 
1331 	 336.858948 	 0 
1332 	 336.865082 	 0 
1333 	 336.835144 	 0 
1334 	 336.877625 	 0 
1335 	 336.871460 	 0 
1336 	 336.874207 	 0 
1337 	 336.874634 	 0 
1338 	 335.104797 	 1 
1339 	 336.874603 	 0 
1340 	 336.844299 	 0 
1341 	 336.877686 	 0 
1342 	 336.817566 	 0 
1343 	 336.842377 	 0 
1344 	 336.829529 	 0 
1345 	 336.832916 	 0 
1346 	 336.861206 	 0 
1347 	 336.823639 	 0 
1348 	 336.831360 	 0 
1349 	 336.874115 	 0 
1350 	 336.859344 	 0 
1351 	 336.833252 	 0 
1352 	 336.850433 	 0 
1353 	 336.846069 	 0 
1354 	 336.852234 	 0 
1355 	 336.861755 	 0 
1356 	 336.841705 	 0 
1357 	 335.127808 	 1 
1358 	 336.879639 	 0 
1359 	 336.827057 	 0 
1360 	 336.851898 	 0 
1361 	 336.880188 	 0 
1362 	 336.858734 	 0 
1363 	 336.856171 	 0 
1364 	 335.084564 	 1 
1365 	 336.830536 	 0 
1366 	 336.833557 	 0 
1367 	 336.877899 	 0 
1368 	 336.868195 	 0 
1369 	 336.845490 	 0 
1370 	 336.872223 	 0 
1371 	 336.860168 	 0 
1372 	 336.841949 	 0 
1373 	 336.848663 	 0 
1374 	 336.813416 	 0 
1375 	 336.893799 	 0 
1376 	 336.824249 	 0 
1377 	 336.852081 	 0 
1378 	 336.869202 	 0 
1379 	 336.890503 	 0 
1380 	 336.838867 	 0 
1381 	 336.875549 	 0 
1382 	 336.856995 	 0 
1383 	 336.826782 	 0 
1384 	 336.880646 	 0 
1385 	 336.868744 	 0 
1386 	 336.884491 	 0 
1387 	 336.837463 	 0 
1388 	 336.879089 	 0 
1389 	 335.125824 	 1 
1390 	 336.813293 	 0 
1391 	 336.832520 	 0 
1392 	 336.860474 	 0 
1393 	 336.819366 	 0 
1394 	 336.847260 	 0 
1395 	 336.859833 	 0 
1396 	 336.846436 	 0 
1397 	 336.833679 	 0 
1398 	 336.893097 	 0 
1399 	 336.843933 	 0 
1400 	 336.870850 	 0 
1401 	 336.846191 	 0 
1402 	 336.848175 	 0 
1403 	 336.857635 	 0 
1404 	 336.856781 	 0 
1405 	 336.833527 	 0 
1406 	 336.826782 	 0 
1407 	 336.872375 	 0 
1408 	 336.856171 	 0 
1409 	 336.859955 	 0 
1410 	 336.878265 	 0 
1411 	 336.864746 	 0 
1412 	 336.849518 	 0 
1413 	 336.807465 	 0 
1414 	 336.848419 	 0 
1415 	 336.812439 	 0 
1416 	 336.804230 	 0 
1417 	 336.792206 	 0 
1418 	 336.812164 	 0 
1419 	 336.872620 	 0 
1420 	 336.844543 	 0 
1421 	 336.817108 	 0 
1422 	 335.149994 	 1 
1423 	 336.825562 	 0 
1424 	 336.843628 	 0 
1425 	 336.850769 	 0 
1426 	 336.826202 	 0 
1427 	 336.842133 	 0 
1428 	 336.854553 	 0 
1429 	 336.858276 	 0 
1430 	 336.869171 	 0 
1431 	 336.823700 	 0 
1432 	 336.847534 	 0 
1433 	 336.854706 	 0 
1434 	 336.847198 	 0 
1435 	 336.908447 	 0 
1436 	 336.803223 	 0 
1437 	 336.852783 	 0 
1438 	 335.165833 	 1 
1439 	 336.847656 	 0 
1440 	 336.864044 	 0 
1441 	 336.848511 	 0 
1442 	 336.870392 	 0 
1443 	 336.899353 	 0 
1444 	 336.862762 	 0 
1445 	 336.822998 	 0 
1446 	 336.863861 	 0 
1447 	 336.831116 	 0 
1448 	 336.859406 	 0 
1449 	 336.828369 	 0 
1450 	 336.812256 	 0 
1451 	 336.851593 	 0 
1452 	 336.868469 	 0 
1453 	 336.835938 	 0 
1454 	 336.874054 	 0 
1455 	 336.855408 	 0 
1456 	 336.836121 	 0 
1457 	 336.860687 	 0 
1458 	 336.835938 	 0 
1459 	 336.846649 	 0 
1460 	 336.829041 	 0 
1461 	 336.836243 	 0 
1462 	 336.844421 	 0 
1463 	 336.863617 	 0 
1464 	 335.141113 	 1 
1465 	 336.856567 	 0 
1466 	 336.858887 	 0 
1467 	 336.822662 	 0 
1468 	 336.858307 	 0 
1469 	 336.867493 	 0 
1470 	 335.136688 	 1 
1471 	 336.800812 	 0 
1472 	 336.908264 	 0 
1473 	 336.849335 	 0 
1474 	 336.842377 	 0 
1475 	 336.840424 	 0 
1476 	 336.838745 	 0 
1477 	 336.871490 	 0 
1478 	 336.860382 	 0 
1479 	 336.857513 	 0 
1480 	 336.808044 	 0 
1481 	 336.848450 	 0 
1482 	 336.825226 	 0 
1483 	 336.867645 	 0 
1484 	 336.859802 	 0 
1485 	 336.927948 	 0 
1486 	 336.873566 	 0 
1487 	 336.856781 	 0 
1488 	 336.866150 	 0 
1489 	 336.873413 	 0 
1490 	 336.823517 	 0 
1491 	 336.845795 	 0 
1492 	 336.869141 	 0 
1493 	 336.836212 	 0 
1494 	 336.822662 	 0 
1495 	 336.847809 	 0 
1496 	 336.865540 	 0 
1497 	 335.127106 	 1 
1498 	 336.850739 	 0 
1499 	 336.861023 	 0 
1500 	 335.181427 	 1 
1501 	 336.869965 	 0 
1502 	 335.122345 	 1 
1503 	 336.841003 	 0 
1504 	 336.811707 	 0 
1505 	 336.826416 	 0 
1506 	 336.836151 	 0 
1507 	 336.887085 	 0 
1508 	 336.859406 	 0 
1509 	 336.870544 	 0 
1510 	 336.842133 	 0 
1511 	 336.851074 	 0 
1512 	 336.805908 	 0 
1513 	 336.867493 	 0 
1514 	 336.845398 	 0 
1515 	 336.831970 	 0 
1516 	 336.834473 	 0 
1517 	 336.818420 	 0 
1518 	 336.875793 	 0 
1519 	 336.859497 	 0 
1520 	 336.837860 	 0 
1521 	 336.828156 	 0 
1522 	 336.864594 	 0 
1523 	 336.820099 	 0 
1524 	 336.862457 	 0 
1525 	 336.814636 	 0 
1526 	 336.836975 	 0 
1527 	 335.160217 	 1 
1528 	 336.816650 	 0 
1529 	 336.823975 	 0 
1530 	 336.871948 	 0 
1531 	 336.869781 	 0 
1532 	 336.832947 	 0 
1533 	 336.843567 	 0 
1534 	 336.853333 	 0 
1535 	 335.149689 	 1 
1536 	 336.851196 	 0 
1537 	 336.846497 	 0 
1538 	 336.847076 	 0 
1539 	 336.881012 	 0 
1540 	 336.832947 	 0 
1541 	 336.811859 	 0 
1542 	 336.868805 	 0 
1543 	 336.868774 	 0 
1544 	 336.869507 	 0 
1545 	 336.817200 	 0 
1546 	 336.871216 	 0 
1547 	 336.852020 	 0 
1548 	 336.827118 	 0 
1549 	 336.830536 	 0 
1550 	 336.840942 	 0 
1551 	 336.841522 	 0 
1552 	 336.842865 	 0 
1553 	 336.833130 	 0 
1554 	 336.859283 	 0 
1555 	 336.835144 	 0 
1556 	 336.836121 	 0 
1557 	 336.846191 	 0 
1558 	 336.854889 	 0 
1559 	 336.800873 	 0 
1560 	 336.871765 	 0 
1561 	 335.126068 	 1 
1562 	 336.828339 	 0 
1563 	 336.893860 	 0 
1564 	 336.847473 	 0 
1565 	 336.880219 	 0 
1566 	 336.855377 	 0 
1567 	 335.135529 	 1 
1568 	 336.858826 	 0 
1569 	 336.902893 	 0 
1570 	 336.855591 	 0 
1571 	 336.877136 	 0 
1572 	 336.901459 	 0 
1573 	 336.858978 	 0 
1574 	 336.775818 	 0 
1575 	 336.798737 	 0 
1576 	 336.839050 	 0 
1577 	 336.856110 	 0 
1578 	 336.816010 	 0 
1579 	 336.832977 	 0 
1580 	 336.846802 	 0 
1581 	 336.822266 	 0 
1582 	 336.820374 	 0 
1583 	 336.846039 	 0 
1584 	 336.807556 	 0 
1585 	 336.861145 	 0 
1586 	 336.840302 	 0 
1587 	 336.820953 	 0 
1588 	 336.858124 	 0 
1589 	 336.843994 	 0 
1590 	 336.866974 	 0 
1591 	 336.843811 	 0 
1592 	 335.106720 	 1 
1593 	 335.180756 	 1 
1594 	 336.880310 	 0 
1595 	 336.820435 	 0 
1596 	 336.852386 	 0 
1597 	 336.901581 	 0 
1598 	 336.880341 	 0 
1599 	 336.888885 	 0 
1600 	 336.859344 	 0 
1601 	 336.858307 	 0 
1602 	 336.888733 	 0 
1603 	 336.855927 	 0 
1604 	 336.853271 	 0 
1605 	 336.924866 	 0 
1606 	 336.849915 	 0 
1607 	 336.844238 	 0 
1608 	 336.867065 	 0 
1609 	 336.874237 	 0 
1610 	 336.870148 	 0 
1611 	 336.881744 	 0 
1612 	 336.859192 	 0 
1613 	 335.148804 	 1 
1614 	 336.876099 	 0 
1615 	 336.815491 	 0 
1616 	 336.856445 	 0 
1617 	 336.849213 	 0 
1618 	 336.877686 	 0 
1619 	 336.889221 	 0 
1620 	 336.850861 	 0 
1621 	 336.853119 	 0 
1622 	 336.863068 	 0 
1623 	 336.808228 	 0 
1624 	 336.821930 	 0 
1625 	 336.824829 	 0 
1626 	 336.850403 	 0 
1627 	 336.839691 	 0 
1628 	 336.867798 	 0 
1629 	 336.820862 	 0 
1630 	 336.872009 	 0 
1631 	 336.875336 	 0 
1632 	 336.851929 	 0 
1633 	 335.105469 	 1 
1634 	 336.857208 	 0 
1635 	 335.145721 	 1 
1636 	 336.852783 	 0 
1637 	 336.828522 	 0 
1638 	 336.890961 	 0 
1639 	 336.891724 	 0 
1640 	 336.893494 	 0 
1641 	 336.878693 	 0 
1642 	 336.864532 	 0 
1643 	 336.884521 	 0 
1644 	 336.824524 	 0 
1645 	 336.865051 	 0 
1646 	 336.832184 	 0 
1647 	 336.852844 	 0 
1648 	 336.884491 	 0 
1649 	 336.842773 	 0 
1650 	 336.868134 	 0 
1651 	 336.849243 	 0 
1652 	 336.861969 	 0 
1653 	 336.836426 	 0 
1654 	 336.838928 	 0 
1655 	 336.866425 	 0 
1656 	 336.848267 	 0 
1657 	 336.836182 	 0 
1658 	 336.847229 	 0 
1659 	 336.812042 	 0 
1660 	 336.859161 	 0 
1661 	 336.807190 	 0 
1662 	 336.849823 	 0 
1663 	 336.871277 	 0 
1664 	 336.875732 	 0 
1665 	 336.889648 	 0 
1666 	 336.819916 	 0 
1667 	 336.831635 	 0 
1668 	 336.827606 	 0 
1669 	 335.080963 	 1 
1670 	 336.860077 	 0 
1671 	 336.881989 	 0 
1672 	 336.864807 	 0 
1673 	 335.193634 	 1 
1674 	 336.844452 	 0 
1675 	 336.827301 	 0 
1676 	 336.771484 	 0 
1677 	 336.903168 	 0 
1678 	 336.820618 	 0 
1679 	 336.830292 	 0 
1680 	 336.886627 	 0 
1681 	 336.877472 	 0 
1682 	 336.859558 	 0 
1683 	 336.855103 	 0 
1684 	 336.860077 	 0 
1685 	 336.838684 	 0 
1686 	 336.833893 	 0 
1687 	 335.150940 	 1 
1688 	 336.820129 	 0 
1689 	 336.914459 	 0 
1690 	 336.844269 	 0 
1691 	 336.846558 	 0 
1692 	 336.852478 	 0 
1693 	 336.817108 	 0 
1694 	 336.832275 	 0 
1695 	 336.840240 	 0 
1696 	 336.884247 	 0 
1697 	 336.875854 	 0 
1698 	 336.840790 	 0 
1699 	 336.853577 	 0 
1700 	 336.865021 	 0 
1701 	 336.858948 	 0 
1702 	 336.845428 	 0 
1703 	 336.858215 	 0 
1704 	 336.861481 	 0 
1705 	 335.173492 	 1 
1706 	 336.887756 	 0 
1707 	 336.841003 	 0 
1708 	 336.856293 	 0 
1709 	 336.839783 	 0 
1710 	 336.872345 	 0 
1711 	 336.872345 	 0 
1712 	 336.889984 	 0 
1713 	 336.803406 	 0 
1714 	 336.873108 	 0 
1715 	 336.837952 	 0 
1716 	 336.828400 	 0 
1717 	 336.822723 	 0 
1718 	 336.845703 	 0 
1719 	 336.831665 	 0 
1720 	 336.860992 	 0 
1721 	 336.847931 	 0 
1722 	 336.833038 	 0 
1723 	 336.884735 	 0 
1724 	 336.860901 	 0 
1725 	 335.144684 	 1 
1726 	 336.849060 	 0 
1727 	 336.905396 	 0 
1728 	 336.843658 	 0 
1729 	 335.153290 	 1 
1730 	 336.853546 	 0 
1731 	 336.849762 	 0 
1732 	 336.852722 	 0 
1733 	 336.842529 	 0 
1734 	 336.857300 	 0 
1735 	 336.843872 	 0 
1736 	 335.147064 	 1 
1737 	 336.901245 	 0 
1738 	 336.830078 	 0 
1739 	 336.821106 	 0 
1740 	 336.834351 	 0 
1741 	 336.877777 	 0 
1742 	 336.854645 	 0 
1743 	 336.863373 	 0 
1744 	 336.858185 	 0 
1745 	 336.857788 	 0 
1746 	 336.857361 	 0 
1747 	 336.857574 	 0 
1748 	 336.836243 	 0 
1749 	 336.831238 	 0 
1750 	 336.887512 	 0 
1751 	 336.811005 	 0 
1752 	 336.839996 	 0 
1753 	 336.830688 	 0 
1754 	 336.892822 	 0 
1755 	 336.818298 	 0 
1756 	 336.848511 	 0 
1757 	 336.853973 	 0 
1758 	 336.838104 	 0 
1759 	 335.111053 	 1 
1760 	 336.817474 	 0 
1761 	 336.893524 	 0 
1762 	 336.833801 	 0 
1763 	 336.876709 	 0 
1764 	 336.880951 	 0 
1765 	 336.847870 	 0 
1766 	 336.841553 	 0 
1767 	 336.862000 	 0 
1768 	 336.844818 	 0 
1769 	 336.854218 	 0 
1770 	 336.862427 	 0 
1771 	 336.805481 	 0 
1772 	 336.822998 	 0 
1773 	 336.884857 	 0 
1774 	 336.845245 	 0 
1775 	 336.821960 	 0 
1776 	 336.839355 	 0 
1777 	 336.837982 	 0 
1778 	 336.837280 	 0 
1779 	 336.879120 	 0 
1780 	 336.865631 	 0 
1781 	 336.835602 	 0 
1782 	 336.866516 	 0 
1783 	 336.844452 	 0 
1784 	 336.851776 	 0 
1785 	 336.841736 	 0 
1786 	 336.843567 	 0 
1787 	 336.878693 	 0 
1788 	 336.828674 	 0 
1789 	 336.805328 	 0 
1790 	 336.837067 	 0 
1791 	 335.125336 	 1 
1792 	 336.822662 	 0 
1793 	 335.130310 	 1 
1794 	 336.826447 	 0 
1795 	 335.147675 	 1 
1796 	 336.830414 	 0 
1797 	 336.818939 	 0 
1798 	 336.811005 	 0 
1799 	 335.130035 	 1 
1800 	 336.891846 	 0 
1801 	 336.846344 	 0 
1802 	 336.830811 	 0 
1803 	 336.810913 	 0 
1804 	 336.806427 	 0 
1805 	 336.832855 	 0 
1806 	 336.880768 	 0 
1807 	 336.887238 	 0 
1808 	 336.855133 	 0 
1809 	 336.888184 	 0 
1810 	 336.868378 	 0 
1811 	 336.879913 	 0 
1812 	 336.884735 	 0 
1813 	 336.860107 	 0 
1814 	 336.922333 	 0 
1815 	 336.880707 	 0 
1816 	 336.860382 	 0 
1817 	 336.823883 	 0 
1818 	 336.830261 	 0 
1819 	 336.834625 	 0 
1820 	 336.869110 	 0 
1821 	 336.804871 	 0 
1822 	 336.824615 	 0 
1823 	 336.885986 	 0 
1824 	 336.855896 	 0 
1825 	 336.845154 	 0 
1826 	 336.893005 	 0 
1827 	 336.848755 	 0 
1828 	 335.125275 	 1 
1829 	 336.901306 	 0 
1830 	 336.833038 	 0 
1831 	 336.846069 	 0 
1832 	 335.138336 	 1 
1833 	 335.185974 	 1 
1834 	 336.789734 	 0 
1835 	 335.158997 	 1 
1836 	 336.830841 	 0 
1837 	 336.823456 	 0 
1838 	 336.816071 	 0 
1839 	 336.799652 	 0 
1840 	 336.854492 	 0 
1841 	 336.838806 	 0 
1842 	 336.858154 	 0 
1843 	 336.856750 	 0 
1844 	 336.795593 	 0 
1845 	 336.846436 	 0 
1846 	 336.878815 	 0 
1847 	 336.826660 	 0 
1848 	 336.843201 	 0 
1849 	 336.890900 	 0 
1850 	 336.824524 	 0 
1851 	 336.908539 	 0 
1852 	 336.835907 	 0 
1853 	 336.867157 	 0 
1854 	 336.828796 	 0 
1855 	 336.836945 	 0 
1856 	 336.858673 	 0 
1857 	 336.853149 	 0 
1858 	 336.849335 	 0 
1859 	 336.893799 	 0 
1860 	 336.857727 	 0 
1861 	 336.885773 	 0 
1862 	 336.841339 	 0 
1863 	 336.881775 	 0 
1864 	 336.852081 	 0 
1865 	 336.850800 	 0 
1866 	 336.848236 	 0 
1867 	 335.128510 	 1 
1868 	 336.828705 	 0 
1869 	 336.841827 	 0 
1870 	 336.899963 	 0 
1871 	 336.855621 	 0 
1872 	 336.844604 	 0 
1873 	 336.849335 	 0 
1874 	 335.172272 	 1 
1875 	 336.861481 	 0 
1876 	 336.864471 	 0 
1877 	 336.805786 	 0 
1878 	 336.848785 	 0 
1879 	 336.844635 	 0 
1880 	 336.823547 	 0 
1881 	 335.103424 	 1 
1882 	 336.834839 	 0 
1883 	 336.898071 	 0 
1884 	 336.866302 	 0 
1885 	 335.148987 	 1 
1886 	 336.855347 	 0 
1887 	 336.916077 	 0 
1888 	 336.835205 	 0 
1889 	 336.866180 	 0 
1890 	 336.863251 	 0 
1891 	 336.862427 	 0 
1892 	 336.892059 	 0 
1893 	 336.866638 	 0 
1894 	 336.847412 	 0 
1895 	 336.844299 	 0 
1896 	 336.850098 	 0 
1897 	 336.845703 	 0 
1898 	 336.860962 	 0 
1899 	 336.878937 	 0 
1900 	 336.895386 	 0 
1901 	 335.127838 	 1 
1902 	 336.844208 	 0 
1903 	 336.838348 	 0 
1904 	 336.847107 	 0 
1905 	 336.795624 	 0 
1906 	 336.849701 	 0 
1907 	 336.871094 	 0 
1908 	 336.850159 	 0 
1909 	 336.863281 	 0 
1910 	 336.877563 	 0 
1911 	 336.864624 	 0 
1912 	 335.144562 	 1 
1913 	 336.901001 	 0 
1914 	 336.823914 	 0 
1915 	 336.898041 	 0 
1916 	 336.863342 	 0 
1917 	 336.865967 	 0 
1918 	 336.851929 	 0 
1919 	 336.831879 	 0 
1920 	 336.856689 	 0 
1921 	 336.826233 	 0 
1922 	 335.145508 	 1 
1923 	 336.823273 	 0 
1924 	 335.140717 	 1 
1925 	 336.853058 	 0 
1926 	 336.864990 	 0 
1927 	 336.885620 	 0 
1928 	 336.846771 	 0 
1929 	 336.850006 	 0 
1930 	 336.852570 	 0 
1931 	 336.855042 	 0 
1932 	 336.873505 	 0 
1933 	 336.841309 	 0 
1934 	 336.905853 	 0 
1935 	 336.858002 	 0 
1936 	 336.872070 	 0 
1937 	 336.888733 	 0 
1938 	 336.823639 	 0 
1939 	 336.859131 	 0 
1940 	 336.826447 	 0 
1941 	 336.791351 	 0 
1942 	 336.865631 	 0 
1943 	 336.875519 	 0 
1944 	 336.857483 	 0 
1945 	 336.874939 	 0 
1946 	 336.850433 	 0 
1947 	 336.865173 	 0 
1948 	 336.858917 	 0 
1949 	 336.861023 	 0 
1950 	 336.876007 	 0 
1951 	 336.871460 	 0 
1952 	 336.854828 	 0 
1953 	 336.886139 	 0 
1954 	 336.843018 	 0 
1955 	 336.843384 	 0 
1956 	 336.879547 	 0 
1957 	 336.828827 	 0 
1958 	 335.080811 	 1 
1959 	 336.834473 	 0 
1960 	 336.843597 	 0 
1961 	 335.139282 	 1 
1962 	 336.811829 	 0 
1963 	 336.863800 	 0 
1964 	 336.843658 	 0 
1965 	 336.877014 	 0 
1966 	 336.889954 	 0 
1967 	 336.884277 	 0 
1968 	 336.856598 	 0 
1969 	 336.833374 	 0 
1970 	 336.827637 	 0 
1971 	 336.881073 	 0 
1972 	 336.857361 	 0 
1973 	 336.801147 	 0 
1974 	 336.863190 	 0 
1975 	 336.851807 	 0 
1976 	 336.848724 	 0 
1977 	 336.839630 	 0 
1978 	 336.811493 	 0 
1979 	 336.829010 	 0 
1980 	 336.852539 	 0 
1981 	 336.887085 	 0 
1982 	 336.876770 	 0 
1983 	 336.885101 	 0 
1984 	 336.922882 	 0 
1985 	 336.867188 	 0 
1986 	 336.836426 	 0 
1987 	 336.882416 	 0 
1988 	 336.858978 	 0 
1989 	 335.165619 	 1 
1990 	 335.166016 	 1 
1991 	 335.138275 	 1 
1992 	 336.869843 	 0 
1993 	 335.093994 	 1 
1994 	 336.830841 	 0 
1995 	 335.126404 	 1 
1996 	 336.826752 	 0 
1997 	 336.838409 	 0 
1998 	 336.859039 	 0 
1999 	 336.806091 	 0 
2000 	 336.855865 	 0 
2001 	 336.816956 	 0 
2002 	 336.859406 	 0 
2003 	 336.798615 	 0 
2004 	 336.876862 	 0 
2005 	 336.829987 	 0 
2006 	 336.812531 	 0 
2007 	 336.818573 	 0 
2008 	 336.830597 	 0 
2009 	 336.848022 	 0 
2010 	 336.844055 	 0 
2011 	 336.845734 	 0 
2012 	 336.826782 	 0 
2013 	 336.845490 	 0 
2014 	 336.795593 	 0 
2015 	 336.895325 	 0 
2016 	 336.814972 	 0 
2017 	 335.160828 	 1 
2018 	 336.915161 	 0 
2019 	 335.142059 	 1 
2020 	 336.874847 	 0 
2021 	 336.833130 	 0 
2022 	 335.138367 	 1 
2023 	 336.849792 	 0 
2024 	 336.853546 	 0 
2025 	 336.868591 	 0 
2026 	 335.130585 	 1 
2027 	 336.844330 	 0 
2028 	 336.859863 	 0 
2029 	 336.823761 	 0 
2030 	 335.197388 	 1 
2031 	 336.896118 	 0 
2032 	 336.827942 	 0 
2033 	 336.860809 	 0 
2034 	 335.151855 	 1 
2035 	 336.869415 	 0 
2036 	 336.866089 	 0 
2037 	 336.858521 	 0 
2038 	 336.840454 	 0 
2039 	 336.891357 	 0 
2040 	 336.880646 	 0 
2041 	 336.855042 	 0 
2042 	 336.870270 	 0 
2043 	 336.842346 	 0 
2044 	 336.855499 	 0 
2045 	 336.849915 	 0 
2046 	 336.833862 	 0 
2047 	 336.870483 	 0 
2048 	 336.836609 	 0 
2049 	 336.807007 	 0 
2050 	 336.827057 	 0 
2051 	 336.821320 	 0 
2052 	 335.106689 	 1 
2053 	 336.836609 	 0 
2054 	 336.856903 	 0 
2055 	 335.144348 	 1 
2056 	 336.840271 	 0 
2057 	 336.838104 	 0 
2058 	 336.850311 	 0 
2059 	 336.840576 	 0 
2060 	 336.866821 	 0 
2061 	 336.848419 	 0 
2062 	 336.828796 	 0 
2063 	 336.803680 	 0 
2064 	 336.891418 	 0 
2065 	 336.826935 	 0 
2066 	 336.891632 	 0 
2067 	 335.107452 	 1 
2068 	 336.827576 	 0 
2069 	 336.853088 	 0 
2070 	 336.834503 	 0 
2071 	 336.876495 	 0 
2072 	 336.800964 	 0 
2073 	 336.821320 	 0 
2074 	 336.872681 	 0 
2075 	 336.801453 	 0 
2076 	 336.861450 	 0 
2077 	 336.844543 	 0 
2078 	 336.880859 	 0 
2079 	 336.839783 	 0 
2080 	 336.820465 	 0 
2081 	 336.846466 	 0 
2082 	 336.852112 	 0 
2083 	 336.873657 	 0 
2084 	 335.098450 	 1 
2085 	 336.800781 	 0 
2086 	 336.851196 	 0 
2087 	 336.894379 	 0 
2088 	 336.858246 	 0 
2089 	 336.877014 	 0 
2090 	 336.879761 	 0 
2091 	 336.845337 	 0 
2092 	 336.865143 	 0 
2093 	 336.857544 	 0 
2094 	 336.827118 	 0 
2095 	 336.836853 	 0 
2096 	 336.867767 	 0 
2097 	 336.846558 	 0 
2098 	 336.841858 	 0 
2099 	 336.838440 	 0 
2100 	 336.862915 	 0 
2101 	 336.867371 	 0 
2102 	 336.872101 	 0 
2103 	 336.851440 	 0 
2104 	 336.820526 	 0 
2105 	 336.847870 	 0 
2106 	 336.849548 	 0 
2107 	 336.832794 	 0 
2108 	 336.868042 	 0 
2109 	 336.887451 	 0 
2110 	 336.839844 	 0 
2111 	 336.873108 	 0 
2112 	 336.858643 	 0 
2113 	 336.848938 	 0 
2114 	 336.889801 	 0 
2115 	 336.828796 	 0 
2116 	 336.869598 	 0 
2117 	 336.870300 	 0 
2118 	 336.850464 	 0 
2119 	 336.868225 	 0 
2120 	 336.851501 	 0 
2121 	 336.843201 	 0 
2122 	 336.881866 	 0 
2123 	 336.844635 	 0 
2124 	 336.855194 	 0 
2125 	 336.835449 	 0 
2126 	 336.885590 	 0 
2127 	 336.833282 	 0 
2128 	 336.863037 	 0 
2129 	 336.842651 	 0 
2130 	 335.183624 	 1 
2131 	 336.860443 	 0 
2132 	 336.861084 	 0 
2133 	 336.815643 	 0 
2134 	 336.893402 	 0 
2135 	 336.847931 	 0 
2136 	 336.856995 	 0 
2137 	 336.843353 	 0 
2138 	 336.862244 	 0 
2139 	 336.838287 	 0 
2140 	 336.829590 	 0 
2141 	 336.877991 	 0 
2142 	 336.813446 	 0 
2143 	 336.848053 	 0 
2144 	 336.885284 	 0 
2145 	 336.828308 	 0 
2146 	 336.852112 	 0 
2147 	 336.849915 	 0 
2148 	 336.839417 	 0 
2149 	 336.856323 	 0 
2150 	 336.860077 	 0 
2151 	 336.897034 	 0 
2152 	 336.838806 	 0 
2153 	 336.855347 	 0 
2154 	 336.865692 	 0 
2155 	 336.856506 	 0 
2156 	 336.844360 	 0 
2157 	 336.850433 	 0 
2158 	 336.802856 	 0 
2159 	 336.846741 	 0 
2160 	 336.861206 	 0 
2161 	 336.846619 	 0 
2162 	 336.859894 	 0 
2163 	 336.888031 	 0 
2164 	 336.807465 	 0 
2165 	 335.192444 	 1 
2166 	 336.887512 	 0 
2167 	 336.854401 	 0 
2168 	 336.843140 	 0 
2169 	 336.880096 	 0 
2170 	 336.859070 	 0 
2171 	 336.804413 	 0 
2172 	 336.844727 	 0 
2173 	 336.859772 	 0 
2174 	 336.865051 	 0 
2175 	 336.891357 	 0 
2176 	 336.855621 	 0 
2177 	 336.862732 	 0 
2178 	 336.814758 	 0 
2179 	 336.873077 	 0 
2180 	 336.816956 	 0 
2181 	 335.098572 	 1 
2182 	 336.843140 	 0 
2183 	 336.866974 	 0 
2184 	 336.852264 	 0 
2185 	 336.895111 	 0 
2186 	 336.884521 	 0 
2187 	 336.873352 	 0 
2188 	 336.838654 	 0 
2189 	 336.873383 	 0 
2190 	 335.112152 	 1 
2191 	 336.835968 	 0 
2192 	 336.816711 	 0 
2193 	 336.848419 	 0 
2194 	 336.852753 	 0 
2195 	 336.877441 	 0 
2196 	 336.836700 	 0 
2197 	 336.899780 	 0 
2198 	 336.883759 	 0 
2199 	 336.881744 	 0 
2200 	 336.837708 	 0 
2201 	 336.830200 	 0 
2202 	 336.881561 	 0 
2203 	 336.833160 	 0 
2204 	 336.856934 	 0 
2205 	 336.847626 	 0 
2206 	 336.836517 	 0 
2207 	 336.830078 	 0 
2208 	 336.871948 	 0 
2209 	 336.849457 	 0 
2210 	 336.883911 	 0 
2211 	 336.814148 	 0 
2212 	 336.837524 	 0 
2213 	 336.852173 	 0 
2214 	 335.136749 	 1 
2215 	 336.850739 	 0 
2216 	 336.842804 	 0 
2217 	 335.095398 	 1 
2218 	 336.865540 	 0 
2219 	 336.828186 	 0 
2220 	 335.139191 	 1 
2221 	 336.868500 	 0 
2222 	 336.824463 	 0 
2223 	 336.809357 	 0 
2224 	 336.850159 	 0 
2225 	 336.863159 	 0 
2226 	 336.880951 	 0 
2227 	 336.845856 	 0 
2228 	 336.791809 	 0 
2229 	 336.785828 	 0 
2230 	 336.846680 	 0 
2231 	 336.810303 	 0 
2232 	 336.854675 	 0 
2233 	 336.801819 	 0 
2234 	 336.831543 	 0 
2235 	 336.823334 	 0 
2236 	 336.847443 	 0 
2237 	 335.158600 	 1 
2238 	 336.857727 	 0 
2239 	 336.806061 	 0 
2240 	 336.848053 	 0 
2241 	 336.849579 	 0 
2242 	 336.808685 	 0 
2243 	 336.841431 	 0 
2244 	 336.847321 	 0 
2245 	 336.878967 	 0 
2246 	 335.167358 	 1 
2247 	 336.831696 	 0 
2248 	 336.850128 	 0 
2249 	 335.129303 	 1 
2250 	 336.864807 	 0 
2251 	 336.858795 	 0 
2252 	 336.819916 	 0 
2253 	 336.856506 	 0 
2254 	 336.894318 	 0 
2255 	 336.880402 	 0 
2256 	 336.842651 	 0 
2257 	 336.835602 	 0 
2258 	 335.135040 	 1 
2259 	 336.836914 	 0 
2260 	 336.845154 	 0 
2261 	 336.877991 	 0 
2262 	 336.792175 	 0 
2263 	 336.866699 	 0 
2264 	 336.875183 	 0 
2265 	 336.854614 	 0 
2266 	 336.807556 	 0 
2267 	 336.828705 	 0 
2268 	 336.857147 	 0 
2269 	 336.893677 	 0 
2270 	 336.850677 	 0 
2271 	 336.840088 	 0 
2272 	 336.853088 	 0 
2273 	 335.161133 	 1 
2274 	 336.858582 	 0 
2275 	 336.867065 	 0 
2276 	 336.823730 	 0 
2277 	 336.866913 	 0 
2278 	 336.855347 	 0 
2279 	 336.861633 	 0 
2280 	 336.839386 	 0 
2281 	 336.839203 	 0 
2282 	 336.857330 	 0 
2283 	 335.087799 	 1 
2284 	 335.169434 	 1 
2285 	 336.894257 	 0 
2286 	 336.842529 	 0 
2287 	 335.109589 	 1 
2288 	 336.872284 	 0 
2289 	 336.845917 	 0 
2290 	 336.869232 	 0 
2291 	 336.876160 	 0 
2292 	 336.794281 	 0 
2293 	 336.893066 	 0 
2294 	 336.885162 	 0 
2295 	 336.877411 	 0 
2296 	 336.899017 	 0 
2297 	 336.900818 	 0 
2298 	 336.880798 	 0 
2299 	 336.796600 	 0 
2300 	 336.850800 	 0 
2301 	 336.850891 	 0 
2302 	 336.853577 	 0 
2303 	 336.813293 	 0 
2304 	 336.859833 	 0 
2305 	 336.833923 	 0 
2306 	 336.880920 	 0 
2307 	 336.846893 	 0 
2308 	 336.881317 	 0 
2309 	 336.845337 	 0 
2310 	 336.854828 	 0 
2311 	 336.842896 	 0 
2312 	 336.831665 	 0 
2313 	 336.853363 	 0 
2314 	 336.805817 	 0 
2315 	 336.873779 	 0 
2316 	 336.842621 	 0 
2317 	 336.890991 	 0 
2318 	 336.855347 	 0 
2319 	 336.882294 	 0 
2320 	 336.811493 	 0 
2321 	 335.117584 	 1 
2322 	 336.848663 	 0 
2323 	 336.864960 	 0 
2324 	 336.792328 	 0 
2325 	 336.833710 	 0 
2326 	 336.859009 	 0 
2327 	 336.889923 	 0 
2328 	 336.855347 	 0 
2329 	 336.839233 	 0 
2330 	 336.837891 	 0 
2331 	 336.881714 	 0 
2332 	 336.847626 	 0 
2333 	 336.854309 	 0 
2334 	 336.840118 	 0 
2335 	 336.871582 	 0 
2336 	 336.845520 	 0 
2337 	 336.854309 	 0 
2338 	 336.819031 	 0 
2339 	 336.846527 	 0 
2340 	 335.147095 	 1 
2341 	 336.863495 	 0 
2342 	 336.803345 	 0 
2343 	 336.850250 	 0 
2344 	 336.818573 	 0 
2345 	 336.841522 	 0 
2346 	 336.903076 	 0 
2347 	 336.845428 	 0 
2348 	 336.866150 	 0 
2349 	 336.849243 	 0 
2350 	 336.851562 	 0 
2351 	 336.869049 	 0 
2352 	 335.152740 	 1 
2353 	 336.848633 	 0 
2354 	 336.796143 	 0 
2355 	 336.823090 	 0 
2356 	 336.832886 	 0 
2357 	 336.882050 	 0 
2358 	 336.853058 	 0 
2359 	 336.853577 	 0 
2360 	 336.854492 	 0 
2361 	 336.865112 	 0 
2362 	 336.883240 	 0 
2363 	 335.118530 	 1 
2364 	 336.874878 	 0 
2365 	 336.849609 	 0 
2366 	 336.872223 	 0 
2367 	 336.827637 	 0 
2368 	 336.873932 	 0 
2369 	 336.846313 	 0 
2370 	 336.855011 	 0 
2371 	 336.808289 	 0 
2372 	 336.862244 	 0 
2373 	 336.827057 	 0 
2374 	 336.862579 	 0 
2375 	 336.828857 	 0 
2376 	 336.823914 	 0 
2377 	 336.855255 	 0 
2378 	 336.832001 	 0 
2379 	 336.855682 	 0 
2380 	 335.124207 	 1 
2381 	 335.128418 	 1 
2382 	 336.861816 	 0 
2383 	 336.865204 	 0 
2384 	 336.860138 	 0 
2385 	 336.835175 	 0 
2386 	 336.860901 	 0 
2387 	 336.851837 	 0 
2388 	 336.842560 	 0 
2389 	 336.855988 	 0 
2390 	 335.131409 	 1 
2391 	 336.858612 	 0 
2392 	 336.865143 	 0 
2393 	 336.838776 	 0 
2394 	 336.834747 	 0 
2395 	 336.846710 	 0 
2396 	 336.850189 	 0 
2397 	 336.844482 	 0 
2398 	 336.857452 	 0 
2399 	 336.855743 	 0 
