#Nombre d'essais = 100000, 
#Poids de l'erreur = 4801, 
#Taille d'un bloc = 42, 
#Poids de h = 45. 
0 	 1917.508667 	 1 
1 	 1917.751953 	 0 
2 	 1917.814087 	 0 
3 	 1917.344849 	 1 
4 	 1917.696045 	 0 
5 	 1916.865112 	 2 
6 	 1917.718262 	 0 
7 	 1917.630127 	 0 
8 	 1916.693115 	 2 
9 	 1917.393433 	 1 
10 	 1917.595337 	 0 
11 	 1917.800537 	 0 
12 	 1917.698730 	 0 
13 	 1917.560669 	 0 
14 	 1917.608643 	 0 
15 	 1917.629639 	 0 
16 	 1917.526367 	 0 
17 	 1917.145142 	 2 
18 	 1917.546265 	 0 
19 	 1917.683594 	 1 
20 	 1917.889893 	 0 
21 	 1917.814331 	 0 
22 	 1917.735107 	 0 
23 	 1917.418335 	 1 
24 	 1917.551758 	 0 
25 	 1917.584351 	 0 
26 	 1917.554443 	 1 
27 	 1917.577515 	 1 
28 	 1917.326904 	 1 
29 	 1917.685669 	 0 
30 	 1917.776855 	 0 
31 	 1917.839355 	 0 
32 	 1917.100342 	 2 
33 	 1917.396606 	 1 
34 	 1917.171021 	 1 
35 	 1917.355103 	 1 
36 	 1917.717407 	 0 
37 	 1917.268433 	 1 
38 	 1917.638550 	 0 
39 	 1917.784424 	 0 
40 	 1916.924072 	 2 
41 	 1917.661377 	 0 
42 	 1917.577515 	 0 
43 	 1916.984497 	 2 
44 	 1917.704956 	 0 
45 	 1917.597534 	 0 
46 	 1917.499146 	 1 
47 	 1917.914429 	 0 
48 	 1917.564941 	 0 
49 	 1918.110107 	 0 
50 	 1917.313354 	 1 
51 	 1917.808228 	 0 
52 	 1917.797729 	 0 
53 	 1917.638062 	 0 
54 	 1917.657593 	 0 
55 	 1917.604248 	 0 
56 	 1917.448486 	 0 
57 	 1917.528442 	 0 
58 	 1917.988770 	 0 
59 	 1917.077637 	 1 
60 	 1917.792603 	 0 
61 	 1917.404663 	 0 
62 	 1917.660400 	 0 
63 	 1917.298218 	 1 
64 	 1917.353882 	 1 
65 	 1917.695923 	 0 
66 	 1917.805786 	 0 
67 	 1917.292603 	 0 
68 	 1917.207031 	 1 
69 	 1917.468384 	 1 
70 	 1917.621582 	 1 
71 	 1917.085938 	 1 
72 	 1917.803589 	 0 
73 	 1917.463013 	 1 
74 	 1917.865845 	 0 
75 	 1917.533325 	 1 
76 	 1917.823975 	 0 
77 	 1917.617188 	 0 
78 	 1917.757446 	 0 
79 	 1917.935913 	 0 
80 	 1917.878174 	 0 
81 	 1917.737549 	 0 
82 	 1917.603516 	 0 
83 	 1917.512573 	 1 
84 	 1917.474243 	 0 
85 	 1917.670654 	 0 
86 	 1917.125488 	 2 
87 	 1917.606812 	 0 
88 	 1917.671631 	 0 
89 	 1917.071533 	 1 
90 	 1917.672974 	 0 
91 	 1917.958130 	 0 
92 	 1917.647217 	 0 
93 	 1917.218628 	 1 
94 	 1917.923584 	 0 
95 	 1917.197021 	 1 
96 	 1917.183228 	 1 
97 	 1917.304688 	 0 
98 	 1917.525269 	 0 
99 	 1917.572632 	 0 
100 	 1917.429199 	 1 
101 	 1917.794189 	 0 
102 	 1917.814941 	 0 
103 	 1917.850830 	 0 
104 	 1917.712524 	 0 
105 	 1917.548584 	 1 
106 	 1917.682495 	 0 
107 	 1916.870605 	 2 
108 	 1917.821777 	 0 
109 	 1917.517334 	 0 
110 	 1917.373901 	 1 
111 	 1917.810913 	 0 
112 	 1917.653442 	 1 
113 	 1917.785889 	 0 
114 	 1917.307251 	 1 
115 	 1917.786621 	 0 
116 	 1917.354614 	 1 
117 	 1917.629150 	 0 
118 	 1917.488770 	 0 
119 	 1917.626709 	 0 
120 	 1918.033447 	 0 
121 	 1917.580078 	 0 
122 	 1917.217041 	 1 
123 	 1917.655273 	 0 
124 	 1917.661621 	 0 
125 	 1917.033813 	 2 
126 	 1917.652710 	 0 
127 	 1917.722900 	 0 
128 	 1917.744385 	 0 
129 	 1917.810181 	 0 
130 	 1917.866577 	 0 
131 	 1917.653931 	 1 
132 	 1917.111572 	 1 
133 	 1917.885498 	 0 
134 	 1917.373413 	 1 
135 	 1917.569702 	 1 
136 	 1917.472290 	 0 
137 	 1917.783936 	 0 
138 	 1917.707764 	 0 
139 	 1917.675781 	 0 
140 	 1916.951782 	 2 
141 	 1916.822754 	 2 
142 	 1917.420776 	 1 
143 	 1917.782349 	 0 
144 	 1917.661987 	 0 
145 	 1917.808472 	 0 
146 	 1917.949463 	 0 
147 	 1917.724243 	 0 
148 	 1917.837158 	 0 
149 	 1917.630005 	 0 
150 	 1917.631104 	 0 
151 	 1917.331177 	 1 
152 	 1917.364868 	 1 
153 	 1917.625610 	 0 
154 	 1917.809326 	 0 
155 	 1918.027344 	 0 
156 	 1917.685181 	 0 
157 	 1917.437134 	 0 
158 	 1917.052246 	 2 
159 	 1917.267700 	 1 
160 	 1917.520752 	 1 
161 	 1916.934204 	 2 
162 	 1917.821289 	 0 
163 	 1917.810059 	 0 
164 	 1917.777710 	 0 
165 	 1917.397705 	 1 
166 	 1917.695435 	 0 
167 	 1917.803467 	 0 
168 	 1916.981689 	 2 
169 	 1917.168945 	 1 
170 	 1916.833130 	 3 
171 	 1917.737061 	 0 
172 	 1917.678345 	 0 
173 	 1917.818237 	 0 
174 	 1917.767212 	 0 
175 	 1917.686157 	 0 
176 	 1917.333740 	 1 
177 	 1917.856567 	 0 
178 	 1917.554565 	 1 
179 	 1917.380615 	 1 
180 	 1917.669189 	 0 
181 	 1918.132935 	 0 
182 	 1917.482300 	 1 
183 	 1917.706299 	 0 
184 	 1918.007446 	 0 
185 	 1917.567017 	 0 
186 	 1917.701538 	 0 
187 	 1917.967651 	 0 
188 	 1917.205811 	 1 
189 	 1917.806519 	 0 
190 	 1917.301270 	 1 
191 	 1917.497070 	 0 
192 	 1917.494019 	 0 
193 	 1917.977539 	 0 
194 	 1917.460938 	 1 
195 	 1917.546387 	 1 
196 	 1916.956421 	 2 
197 	 1917.485107 	 1 
198 	 1917.443359 	 1 
199 	 1918.040405 	 0 
200 	 1917.589355 	 0 
201 	 1917.355835 	 1 
202 	 1917.656738 	 0 
203 	 1917.567505 	 1 
204 	 1916.533447 	 3 
205 	 1917.128052 	 1 
206 	 1917.816528 	 0 
207 	 1917.393921 	 0 
208 	 1917.639526 	 0 
209 	 1917.780884 	 0 
210 	 1917.750000 	 0 
211 	 1917.272827 	 1 
212 	 1917.852173 	 0 
213 	 1917.366333 	 1 
214 	 1917.553833 	 1 
215 	 1917.772827 	 0 
216 	 1917.811523 	 0 
217 	 1917.197632 	 1 
218 	 1917.596680 	 0 
219 	 1917.685791 	 0 
220 	 1917.417725 	 1 
221 	 1917.542236 	 0 
222 	 1917.820923 	 0 
223 	 1917.316895 	 1 
224 	 1917.894897 	 0 
225 	 1917.693726 	 0 
226 	 1917.340576 	 1 
227 	 1917.539062 	 0 
228 	 1917.565186 	 1 
229 	 1917.802734 	 0 
230 	 1917.735229 	 0 
231 	 1917.334351 	 1 
232 	 1917.722046 	 0 
233 	 1917.713623 	 0 
234 	 1917.455566 	 0 
235 	 1917.886963 	 0 
236 	 1917.602539 	 0 
237 	 1917.671143 	 0 
238 	 1917.904907 	 0 
239 	 1917.850098 	 0 
240 	 1917.936890 	 0 
241 	 1916.892456 	 2 
242 	 1918.045288 	 0 
243 	 1917.857544 	 0 
244 	 1917.638672 	 0 
245 	 1917.461914 	 1 
246 	 1917.793579 	 0 
247 	 1917.773193 	 0 
248 	 1917.596191 	 1 
249 	 1917.586060 	 0 
250 	 1917.962158 	 0 
251 	 1917.621704 	 0 
252 	 1917.538696 	 0 
253 	 1917.990601 	 0 
254 	 1917.804077 	 0 
255 	 1917.629883 	 0 
256 	 1917.739868 	 0 
257 	 1918.191650 	 0 
258 	 1917.289185 	 1 
259 	 1917.453979 	 1 
260 	 1917.760376 	 0 
261 	 1917.656860 	 0 
262 	 1917.637207 	 0 
263 	 1917.860474 	 0 
264 	 1917.668335 	 0 
265 	 1917.314941 	 1 
266 	 1917.519775 	 0 
267 	 1917.595947 	 0 
268 	 1917.983154 	 0 
269 	 1917.401367 	 1 
270 	 1917.177734 	 1 
271 	 1917.639893 	 0 
272 	 1917.936401 	 0 
273 	 1917.447754 	 1 
274 	 1917.580078 	 0 
275 	 1917.675049 	 0 
276 	 1917.696289 	 0 
277 	 1917.739502 	 0 
278 	 1917.977661 	 0 
279 	 1917.579712 	 0 
280 	 1917.895142 	 0 
281 	 1917.931641 	 0 
282 	 1917.456055 	 1 
283 	 1917.675049 	 0 
284 	 1917.697754 	 0 
285 	 1917.565552 	 0 
286 	 1917.697998 	 0 
287 	 1917.366821 	 1 
288 	 1916.794556 	 2 
289 	 1917.659790 	 0 
290 	 1917.665039 	 0 
291 	 1917.528809 	 1 
292 	 1917.994751 	 0 
293 	 1917.980347 	 0 
294 	 1917.823975 	 0 
295 	 1917.667847 	 0 
296 	 1917.560303 	 0 
297 	 1917.848633 	 0 
298 	 1917.383911 	 0 
299 	 1917.779175 	 0 
300 	 1917.812500 	 0 
301 	 1917.455200 	 1 
302 	 1917.972168 	 0 
303 	 1917.947876 	 0 
304 	 1917.624146 	 0 
305 	 1917.398804 	 1 
306 	 1917.312988 	 1 
307 	 1917.697876 	 0 
308 	 1917.711182 	 0 
309 	 1917.824341 	 0 
310 	 1916.971313 	 2 
311 	 1917.350586 	 1 
312 	 1917.269287 	 1 
313 	 1917.142334 	 1 
314 	 1917.365601 	 1 
315 	 1917.163574 	 1 
316 	 1917.492676 	 0 
317 	 1917.849976 	 0 
318 	 1917.664307 	 0 
319 	 1917.858765 	 0 
320 	 1917.825073 	 0 
321 	 1917.092041 	 2 
322 	 1917.380615 	 1 
323 	 1917.434937 	 1 
324 	 1917.286743 	 1 
325 	 1917.483032 	 1 
326 	 1917.693115 	 0 
327 	 1917.468628 	 0 
328 	 1917.677490 	 0 
329 	 1917.571167 	 0 
330 	 1917.470459 	 1 
331 	 1917.901855 	 0 
332 	 1917.614502 	 0 
333 	 1917.941284 	 0 
334 	 1917.597046 	 1 
335 	 1917.671753 	 0 
336 	 1917.850342 	 0 
337 	 1917.255371 	 1 
338 	 1917.634399 	 0 
339 	 1917.724609 	 0 
340 	 1917.783203 	 0 
341 	 1917.424072 	 0 
342 	 1917.728760 	 0 
343 	 1917.696167 	 0 
344 	 1917.430908 	 1 
345 	 1917.554565 	 0 
346 	 1917.054077 	 2 
347 	 1917.129272 	 1 
348 	 1917.844238 	 0 
349 	 1917.741089 	 0 
350 	 1917.789795 	 0 
351 	 1917.593750 	 0 
352 	 1917.968506 	 0 
353 	 1917.713257 	 0 
354 	 1917.209839 	 1 
355 	 1917.490723 	 1 
356 	 1916.938843 	 3 
357 	 1917.349365 	 1 
358 	 1917.612549 	 0 
359 	 1917.258789 	 1 
360 	 1917.536499 	 0 
361 	 1917.751465 	 0 
362 	 1917.249390 	 1 
363 	 1917.616577 	 0 
364 	 1917.596069 	 0 
365 	 1917.791016 	 0 
366 	 1917.867554 	 0 
367 	 1917.690430 	 0 
368 	 1917.315552 	 1 
369 	 1917.778442 	 0 
370 	 1917.691650 	 0 
371 	 1917.413940 	 1 
372 	 1917.828857 	 0 
373 	 1917.711304 	 0 
374 	 1917.333984 	 1 
375 	 1916.723877 	 2 
376 	 1917.875000 	 0 
377 	 1917.630005 	 0 
378 	 1917.714722 	 0 
379 	 1917.905518 	 0 
380 	 1917.585205 	 0 
381 	 1917.887695 	 0 
382 	 1917.496216 	 0 
383 	 1917.780273 	 0 
384 	 1917.013550 	 2 
385 	 1917.568481 	 0 
386 	 1917.970947 	 0 
387 	 1917.166748 	 1 
388 	 1917.653320 	 0 
389 	 1917.585083 	 0 
390 	 1917.603027 	 0 
391 	 1917.636353 	 0 
392 	 1917.906616 	 0 
393 	 1917.549438 	 0 
394 	 1917.333374 	 1 
395 	 1917.165161 	 2 
396 	 1917.261597 	 2 
397 	 1917.889648 	 0 
398 	 1917.557617 	 0 
399 	 1917.962402 	 0 
400 	 1917.979004 	 0 
401 	 1917.818726 	 0 
402 	 1917.292725 	 1 
403 	 1917.897095 	 0 
404 	 1917.561890 	 0 
405 	 1917.791260 	 0 
406 	 1917.614136 	 0 
407 	 1917.740112 	 0 
408 	 1917.250854 	 1 
409 	 1917.185791 	 1 
410 	 1917.834839 	 0 
411 	 1917.316162 	 1 
412 	 1917.972900 	 0 
413 	 1917.693115 	 0 
414 	 1917.494019 	 0 
415 	 1917.723511 	 1 
416 	 1917.592773 	 0 
417 	 1917.723511 	 0 
418 	 1916.903320 	 2 
419 	 1917.336304 	 1 
420 	 1917.211792 	 1 
421 	 1917.799927 	 0 
422 	 1917.779785 	 0 
423 	 1917.471191 	 1 
424 	 1917.626221 	 0 
425 	 1917.328857 	 1 
426 	 1918.030640 	 0 
427 	 1917.190674 	 1 
428 	 1917.191406 	 2 
429 	 1917.404907 	 1 
430 	 1917.359985 	 1 
431 	 1917.674683 	 0 
432 	 1917.451538 	 1 
433 	 1917.737549 	 0 
434 	 1917.726318 	 0 
435 	 1917.722168 	 0 
436 	 1917.242920 	 1 
437 	 1917.777954 	 0 
438 	 1917.553589 	 1 
439 	 1917.945557 	 0 
440 	 1917.397583 	 1 
441 	 1917.776733 	 0 
442 	 1917.619629 	 0 
443 	 1917.315430 	 1 
444 	 1917.433594 	 1 
445 	 1917.686401 	 0 
446 	 1917.346802 	 1 
447 	 1917.302368 	 1 
448 	 1917.736206 	 0 
449 	 1917.802734 	 0 
450 	 1917.619507 	 0 
451 	 1917.632324 	 0 
452 	 1917.268188 	 1 
453 	 1917.244263 	 1 
454 	 1917.364380 	 0 
455 	 1917.686646 	 0 
456 	 1917.881348 	 0 
457 	 1917.826416 	 0 
458 	 1917.768677 	 0 
459 	 1918.047729 	 0 
460 	 1917.255127 	 1 
461 	 1917.354126 	 1 
462 	 1917.426270 	 1 
463 	 1917.624146 	 0 
464 	 1917.793457 	 0 
465 	 1917.874268 	 0 
466 	 1917.440063 	 0 
467 	 1917.585693 	 1 
468 	 1917.478271 	 1 
469 	 1917.703979 	 0 
470 	 1917.492676 	 0 
471 	 1917.319702 	 1 
472 	 1917.661499 	 0 
473 	 1917.513916 	 0 
474 	 1917.515137 	 1 
475 	 1917.541626 	 0 
476 	 1917.694824 	 0 
477 	 1917.151611 	 1 
478 	 1917.772705 	 0 
479 	 1916.900024 	 2 
480 	 1917.985596 	 0 
481 	 1917.730225 	 0 
482 	 1917.368286 	 1 
483 	 1917.302002 	 1 
484 	 1917.684448 	 0 
485 	 1917.745972 	 0 
486 	 1917.598267 	 0 
487 	 1917.304565 	 1 
488 	 1917.659790 	 0 
489 	 1917.600708 	 0 
490 	 1917.705444 	 0 
491 	 1917.368164 	 1 
492 	 1917.358521 	 1 
493 	 1917.741089 	 0 
494 	 1917.231689 	 1 
495 	 1917.910645 	 0 
496 	 1917.253052 	 1 
497 	 1918.180664 	 0 
498 	 1917.751831 	 0 
499 	 1917.843750 	 0 
500 	 1917.707031 	 0 
501 	 1917.816040 	 0 
502 	 1917.962524 	 0 
503 	 1917.454712 	 1 
504 	 1917.731079 	 0 
505 	 1917.738403 	 0 
506 	 1917.881714 	 0 
507 	 1917.127197 	 1 
508 	 1917.970093 	 0 
509 	 1917.502441 	 1 
510 	 1917.410889 	 1 
511 	 1917.863892 	 0 
512 	 1917.543457 	 0 
513 	 1917.584717 	 0 
514 	 1917.933960 	 0 
515 	 1917.204712 	 1 
516 	 1917.659912 	 1 
517 	 1917.361084 	 1 
518 	 1917.748413 	 0 
519 	 1917.122925 	 2 
520 	 1917.723999 	 0 
521 	 1917.572510 	 1 
522 	 1917.649780 	 0 
523 	 1917.564209 	 1 
524 	 1917.725708 	 0 
525 	 1917.574341 	 0 
526 	 1916.348877 	 3 
527 	 1917.064087 	 2 
528 	 1917.399414 	 1 
529 	 1917.745850 	 0 
530 	 1917.943970 	 0 
531 	 1917.612427 	 0 
532 	 1917.569214 	 0 
533 	 1917.929443 	 0 
534 	 1917.585571 	 1 
535 	 1917.656494 	 0 
536 	 1917.321899 	 1 
537 	 1917.350952 	 1 
538 	 1917.789307 	 0 
539 	 1917.245728 	 1 
540 	 1917.911133 	 0 
541 	 1917.774658 	 0 
542 	 1917.687378 	 0 
543 	 1917.324951 	 1 
544 	 1917.289062 	 1 
545 	 1917.964966 	 0 
546 	 1917.594971 	 0 
547 	 1917.729248 	 0 
548 	 1917.855835 	 0 
549 	 1917.858887 	 0 
550 	 1917.360962 	 1 
551 	 1917.354858 	 1 
552 	 1917.317749 	 1 
553 	 1917.595703 	 0 
554 	 1917.237793 	 1 
555 	 1917.664917 	 0 
556 	 1916.893066 	 2 
557 	 1917.269165 	 1 
558 	 1917.902344 	 0 
559 	 1917.839722 	 0 
560 	 1917.644897 	 0 
561 	 1917.124512 	 2 
562 	 1917.698364 	 0 
563 	 1917.341553 	 1 
564 	 1917.499756 	 0 
565 	 1917.642456 	 0 
566 	 1917.671753 	 0 
567 	 1917.475708 	 1 
568 	 1917.632690 	 0 
569 	 1917.753540 	 0 
570 	 1917.800293 	 0 
571 	 1917.914062 	 0 
572 	 1917.726318 	 0 
573 	 1917.658203 	 0 
574 	 1917.660278 	 0 
575 	 1917.216553 	 1 
576 	 1917.642212 	 0 
577 	 1917.667603 	 0 
578 	 1917.745361 	 0 
579 	 1917.741333 	 0 
580 	 1916.941772 	 2 
581 	 1917.925171 	 0 
582 	 1917.659546 	 0 
583 	 1917.815552 	 0 
584 	 1917.853027 	 0 
585 	 1917.833008 	 0 
586 	 1917.592285 	 0 
587 	 1917.498169 	 1 
588 	 1918.028198 	 0 
589 	 1917.260864 	 1 
590 	 1917.612671 	 1 
591 	 1917.215820 	 2 
592 	 1917.752563 	 0 
593 	 1917.838013 	 0 
594 	 1917.477661 	 1 
595 	 1917.674805 	 0 
596 	 1917.561768 	 0 
597 	 1917.951050 	 0 
598 	 1917.786743 	 0 
599 	 1917.918457 	 0 
600 	 1917.762451 	 0 
601 	 1917.953003 	 0 
602 	 1917.860840 	 0 
603 	 1917.141113 	 2 
604 	 1917.313721 	 1 
605 	 1917.500244 	 1 
606 	 1917.455811 	 0 
607 	 1917.803833 	 0 
608 	 1917.839478 	 0 
609 	 1918.036499 	 0 
610 	 1917.369263 	 1 
611 	 1917.785889 	 0 
612 	 1917.440308 	 0 
613 	 1916.930298 	 2 
614 	 1917.465942 	 1 
615 	 1917.381348 	 1 
616 	 1917.400146 	 1 
617 	 1917.447266 	 1 
618 	 1917.668701 	 0 
619 	 1917.811646 	 0 
620 	 1917.208984 	 1 
621 	 1917.463867 	 1 
622 	 1917.398560 	 1 
623 	 1917.495483 	 1 
624 	 1917.855713 	 0 
625 	 1917.489868 	 0 
626 	 1917.468506 	 1 
627 	 1917.864136 	 0 
628 	 1917.921753 	 0 
629 	 1917.340820 	 1 
630 	 1917.485474 	 1 
631 	 1917.526733 	 0 
632 	 1917.636108 	 0 
633 	 1917.304932 	 1 
634 	 1917.761108 	 0 
635 	 1917.649048 	 0 
636 	 1917.321167 	 1 
637 	 1917.250000 	 1 
638 	 1917.682129 	 0 
639 	 1917.471436 	 0 
640 	 1917.651611 	 0 
641 	 1917.538574 	 0 
642 	 1917.724365 	 0 
643 	 1917.692261 	 0 
644 	 1917.370483 	 1 
645 	 1917.296387 	 1 
646 	 1917.714966 	 0 
647 	 1917.810547 	 0 
648 	 1917.374634 	 0 
649 	 1917.510620 	 1 
650 	 1917.443604 	 1 
651 	 1917.322021 	 1 
652 	 1917.755127 	 0 
653 	 1917.484985 	 0 
654 	 1917.811279 	 0 
655 	 1917.806274 	 0 
656 	 1917.059082 	 1 
657 	 1917.093994 	 1 
658 	 1917.723022 	 0 
659 	 1917.257690 	 1 
660 	 1917.646851 	 0 
661 	 1917.668091 	 0 
662 	 1917.143066 	 1 
663 	 1917.746094 	 0 
664 	 1917.634399 	 0 
665 	 1917.222656 	 1 
666 	 1917.727417 	 0 
667 	 1917.699463 	 1 
668 	 1917.719482 	 0 
669 	 1917.798096 	 0 
670 	 1917.195190 	 1 
671 	 1917.527832 	 0 
672 	 1917.459717 	 1 
673 	 1917.861938 	 0 
674 	 1917.606567 	 0 
675 	 1917.992310 	 0 
676 	 1917.791992 	 0 
677 	 1917.716675 	 0 
678 	 1917.332275 	 1 
679 	 1917.826172 	 0 
680 	 1917.675537 	 0 
681 	 1917.505859 	 0 
682 	 1917.610840 	 0 
683 	 1918.043335 	 0 
684 	 1917.200684 	 1 
685 	 1917.738037 	 0 
686 	 1917.843750 	 0 
687 	 1917.858887 	 0 
688 	 1917.651123 	 0 
689 	 1917.803345 	 0 
690 	 1917.805908 	 0 
691 	 1917.868164 	 0 
692 	 1917.675415 	 0 
693 	 1917.966309 	 0 
694 	 1917.665039 	 0 
695 	 1917.669678 	 0 
696 	 1917.319336 	 1 
697 	 1917.323120 	 1 
698 	 1917.147339 	 2 
699 	 1917.785645 	 0 
700 	 1917.657593 	 0 
701 	 1917.515503 	 0 
702 	 1917.372559 	 1 
703 	 1917.454956 	 1 
704 	 1918.123779 	 0 
705 	 1917.929321 	 0 
706 	 1917.515869 	 1 
707 	 1917.802124 	 0 
708 	 1917.654663 	 0 
709 	 1917.544312 	 0 
710 	 1917.732910 	 0 
711 	 1917.776611 	 0 
712 	 1917.654541 	 1 
713 	 1917.471558 	 1 
714 	 1917.665283 	 0 
715 	 1917.662598 	 0 
716 	 1917.003052 	 2 
717 	 1917.501709 	 1 
718 	 1917.744507 	 0 
719 	 1917.599243 	 0 
720 	 1916.999146 	 2 
721 	 1917.336060 	 1 
722 	 1917.747437 	 0 
723 	 1917.335938 	 1 
724 	 1917.764648 	 0 
725 	 1917.558472 	 0 
726 	 1917.578613 	 0 
727 	 1917.824097 	 0 
728 	 1917.780884 	 0 
729 	 1917.538696 	 0 
730 	 1917.986450 	 0 
731 	 1917.106445 	 2 
732 	 1917.066895 	 2 
733 	 1917.316772 	 1 
734 	 1917.904785 	 0 
735 	 1917.641479 	 0 
736 	 1917.531372 	 0 
737 	 1917.761475 	 0 
738 	 1917.746948 	 0 
739 	 1917.783325 	 0 
740 	 1917.608643 	 1 
741 	 1916.699951 	 2 
742 	 1917.377197 	 1 
743 	 1917.822144 	 0 
744 	 1917.496460 	 1 
745 	 1917.719116 	 0 
746 	 1917.374512 	 1 
747 	 1917.779297 	 0 
748 	 1917.743164 	 0 
749 	 1917.280273 	 1 
750 	 1917.806641 	 0 
751 	 1917.167847 	 2 
752 	 1917.611206 	 0 
753 	 1917.179565 	 2 
754 	 1917.814087 	 0 
755 	 1917.736572 	 0 
756 	 1917.851196 	 0 
757 	 1917.591553 	 0 
758 	 1917.714111 	 0 
759 	 1917.479004 	 1 
760 	 1917.622314 	 0 
761 	 1917.896973 	 0 
762 	 1917.438843 	 1 
763 	 1917.743042 	 0 
764 	 1917.932251 	 0 
765 	 1916.903809 	 2 
766 	 1918.019775 	 0 
767 	 1917.849731 	 0 
768 	 1917.595581 	 0 
769 	 1917.608154 	 0 
770 	 1917.654419 	 0 
771 	 1917.649414 	 0 
772 	 1917.782227 	 0 
773 	 1917.370117 	 1 
774 	 1917.827759 	 0 
775 	 1916.970947 	 2 
776 	 1917.638306 	 0 
777 	 1917.680542 	 0 
778 	 1917.663696 	 0 
779 	 1917.594849 	 0 
780 	 1917.725464 	 0 
781 	 1918.000977 	 0 
782 	 1918.042236 	 0 
783 	 1917.852417 	 0 
784 	 1917.682983 	 1 
785 	 1917.078979 	 2 
786 	 1917.781372 	 0 
787 	 1917.390259 	 1 
788 	 1917.705444 	 0 
789 	 1917.887329 	 0 
790 	 1917.561279 	 0 
791 	 1917.656982 	 0 
792 	 1916.622314 	 3 
793 	 1916.412598 	 3 
794 	 1917.862427 	 0 
795 	 1917.572021 	 0 
796 	 1917.633423 	 0 
797 	 1917.769043 	 0 
798 	 1917.540527 	 1 
799 	 1917.156616 	 2 
800 	 1917.634521 	 0 
801 	 1917.832275 	 0 
802 	 1917.704102 	 0 
803 	 1917.245483 	 1 
804 	 1917.213867 	 2 
805 	 1917.228882 	 0 
806 	 1917.804810 	 0 
807 	 1917.711060 	 0 
808 	 1917.592407 	 1 
809 	 1917.363037 	 1 
810 	 1917.434937 	 1 
811 	 1917.705933 	 0 
812 	 1917.811279 	 0 
813 	 1916.938232 	 2 
814 	 1917.759277 	 0 
815 	 1917.531494 	 1 
816 	 1917.381836 	 1 
817 	 1917.951782 	 0 
818 	 1917.392822 	 1 
819 	 1917.889282 	 0 
820 	 1917.661743 	 0 
821 	 1917.969971 	 0 
822 	 1917.812744 	 0 
823 	 1917.857788 	 0 
824 	 1917.645020 	 0 
825 	 1917.422974 	 1 
826 	 1917.519043 	 0 
827 	 1917.700684 	 0 
828 	 1917.408081 	 1 
829 	 1917.500610 	 0 
830 	 1917.861694 	 0 
831 	 1917.276123 	 1 
832 	 1917.654907 	 0 
833 	 1917.041382 	 2 
834 	 1917.422729 	 1 
835 	 1917.800293 	 0 
836 	 1917.319336 	 1 
837 	 1917.408813 	 1 
838 	 1917.660522 	 0 
839 	 1917.283447 	 1 
840 	 1917.121582 	 2 
841 	 1917.783569 	 0 
842 	 1917.850952 	 0 
843 	 1917.540161 	 0 
844 	 1917.684082 	 0 
845 	 1917.846191 	 0 
846 	 1917.479858 	 1 
847 	 1917.507324 	 0 
848 	 1917.852173 	 0 
849 	 1917.293335 	 1 
850 	 1917.338135 	 1 
851 	 1917.529053 	 0 
852 	 1917.660767 	 0 
853 	 1917.950928 	 0 
854 	 1917.276978 	 1 
855 	 1917.762573 	 0 
856 	 1917.673218 	 0 
857 	 1917.809082 	 0 
858 	 1917.845093 	 0 
859 	 1917.803955 	 0 
860 	 1917.832642 	 0 
861 	 1917.506348 	 0 
862 	 1917.789429 	 0 
863 	 1917.452393 	 1 
864 	 1917.017822 	 2 
865 	 1917.788940 	 0 
866 	 1917.783936 	 0 
867 	 1917.260010 	 1 
868 	 1917.738647 	 0 
869 	 1917.648438 	 0 
870 	 1917.629272 	 0 
871 	 1917.729858 	 0 
872 	 1917.381348 	 1 
873 	 1917.877197 	 0 
874 	 1917.412109 	 1 
875 	 1917.687744 	 0 
876 	 1917.345825 	 1 
877 	 1917.720093 	 0 
878 	 1917.347168 	 1 
879 	 1917.484375 	 1 
880 	 1917.722412 	 0 
881 	 1917.593384 	 1 
882 	 1917.323608 	 0 
883 	 1917.280640 	 1 
884 	 1917.766235 	 0 
885 	 1917.683472 	 0 
886 	 1917.724121 	 0 
887 	 1917.499268 	 0 
888 	 1917.908936 	 0 
889 	 1917.893921 	 0 
890 	 1917.841064 	 0 
891 	 1917.783813 	 0 
892 	 1917.815918 	 0 
893 	 1917.814697 	 0 
894 	 1917.817017 	 0 
895 	 1917.419434 	 1 
896 	 1917.798706 	 0 
897 	 1917.641113 	 0 
898 	 1917.750000 	 0 
899 	 1917.904297 	 0 
900 	 1917.413818 	 1 
901 	 1917.685547 	 0 
902 	 1917.301147 	 1 
903 	 1917.826538 	 0 
904 	 1917.512085 	 0 
905 	 1917.395996 	 1 
906 	 1917.421997 	 1 
907 	 1918.018677 	 0 
908 	 1917.556763 	 0 
909 	 1917.746704 	 0 
910 	 1917.468384 	 1 
911 	 1916.958496 	 2 
912 	 1917.496582 	 1 
913 	 1917.932617 	 0 
914 	 1917.798340 	 0 
915 	 1917.387817 	 1 
916 	 1917.950928 	 0 
917 	 1917.824951 	 0 
918 	 1917.224243 	 1 
919 	 1917.785522 	 0 
920 	 1917.682861 	 0 
921 	 1917.787720 	 0 
922 	 1917.530396 	 0 
923 	 1917.719604 	 0 
924 	 1917.407837 	 1 
925 	 1917.619141 	 0 
926 	 1917.809448 	 0 
927 	 1917.288574 	 1 
928 	 1917.835449 	 0 
929 	 1917.823364 	 0 
930 	 1917.582520 	 0 
931 	 1917.864136 	 0 
932 	 1917.527344 	 0 
933 	 1917.747681 	 0 
934 	 1918.007202 	 0 
935 	 1917.579468 	 1 
936 	 1917.002319 	 2 
937 	 1917.453491 	 1 
938 	 1917.738770 	 0 
939 	 1917.349121 	 1 
940 	 1917.303711 	 1 
941 	 1917.373535 	 1 
942 	 1917.821777 	 0 
943 	 1917.690430 	 0 
944 	 1916.651978 	 3 
945 	 1917.443848 	 1 
946 	 1917.326294 	 2 
947 	 1917.973389 	 0 
948 	 1917.536865 	 1 
949 	 1917.733521 	 0 
950 	 1917.879395 	 0 
951 	 1917.641357 	 0 
952 	 1917.842285 	 0 
953 	 1917.700928 	 0 
954 	 1917.747681 	 0 
955 	 1917.623657 	 1 
956 	 1917.146484 	 1 
957 	 1917.608154 	 0 
958 	 1917.620605 	 0 
959 	 1917.710327 	 0 
960 	 1917.857422 	 0 
961 	 1917.855835 	 0 
962 	 1916.834961 	 2 
963 	 1917.380615 	 1 
964 	 1917.580078 	 0 
965 	 1917.738770 	 0 
966 	 1917.672729 	 0 
967 	 1917.798462 	 0 
968 	 1917.613281 	 0 
969 	 1917.782837 	 0 
970 	 1917.547852 	 0 
971 	 1917.943970 	 0 
972 	 1917.224731 	 1 
973 	 1917.084717 	 2 
974 	 1917.770020 	 0 
975 	 1916.712769 	 2 
976 	 1917.772583 	 0 
977 	 1917.336060 	 1 
978 	 1917.804077 	 0 
979 	 1917.596436 	 1 
980 	 1918.022949 	 0 
981 	 1917.938599 	 0 
982 	 1917.482544 	 1 
983 	 1917.841797 	 0 
984 	 1917.368774 	 0 
985 	 1917.474609 	 0 
986 	 1917.745361 	 0 
987 	 1917.114868 	 1 
988 	 1917.623047 	 0 
989 	 1917.649780 	 0 
990 	 1917.209961 	 1 
991 	 1917.293335 	 1 
992 	 1917.695312 	 0 
993 	 1917.662354 	 0 
994 	 1917.443359 	 1 
995 	 1917.820557 	 0 
996 	 1917.685913 	 0 
997 	 1917.829102 	 0 
998 	 1917.854004 	 0 
999 	 1917.919434 	 0 
1000 	 1917.692017 	 0 
1001 	 1917.207397 	 1 
1002 	 1917.790039 	 0 
1003 	 1917.692139 	 0 
1004 	 1917.660156 	 0 
1005 	 1917.875488 	 0 
1006 	 1917.357788 	 1 
1007 	 1917.906006 	 0 
1008 	 1917.677734 	 0 
1009 	 1917.228516 	 1 
1010 	 1917.381104 	 1 
1011 	 1917.131226 	 2 
1012 	 1917.138184 	 1 
1013 	 1917.531128 	 1 
1014 	 1917.799805 	 0 
1015 	 1917.983032 	 0 
1016 	 1917.297729 	 1 
1017 	 1917.216675 	 1 
1018 	 1917.568848 	 0 
1019 	 1917.462891 	 1 
1020 	 1917.787109 	 0 
1021 	 1917.871216 	 0 
1022 	 1917.337524 	 1 
1023 	 1917.526245 	 0 
1024 	 1917.746460 	 0 
1025 	 1917.760498 	 0 
1026 	 1917.755981 	 0 
1027 	 1917.754517 	 0 
1028 	 1917.500977 	 0 
1029 	 1917.627563 	 0 
1030 	 1917.454224 	 0 
1031 	 1917.352539 	 1 
1032 	 1917.262695 	 1 
1033 	 1917.839111 	 0 
1034 	 1917.881836 	 0 
1035 	 1917.811646 	 0 
1036 	 1917.358032 	 1 
1037 	 1917.831665 	 0 
1038 	 1917.862427 	 0 
1039 	 1917.988281 	 0 
1040 	 1917.966187 	 0 
1041 	 1917.549438 	 1 
1042 	 1917.823486 	 0 
1043 	 1917.469360 	 0 
1044 	 1917.945068 	 0 
1045 	 1917.336792 	 1 
1046 	 1917.798218 	 0 
1047 	 1917.738403 	 0 
1048 	 1918.061401 	 0 
1049 	 1917.592041 	 0 
1050 	 1917.310669 	 1 
1051 	 1917.765259 	 0 
1052 	 1917.637817 	 0 
1053 	 1917.692383 	 0 
1054 	 1917.308472 	 1 
1055 	 1917.457397 	 1 
1056 	 1917.867798 	 0 
1057 	 1917.891235 	 0 
1058 	 1917.772461 	 0 
1059 	 1917.781860 	 0 
1060 	 1917.811768 	 0 
1061 	 1917.886963 	 0 
1062 	 1917.736938 	 0 
1063 	 1917.786133 	 0 
1064 	 1917.380493 	 1 
1065 	 1917.466187 	 1 
1066 	 1917.689819 	 0 
1067 	 1917.602173 	 0 
1068 	 1917.661621 	 0 
1069 	 1917.701172 	 0 
1070 	 1917.099854 	 2 
1071 	 1917.669800 	 0 
1072 	 1917.713379 	 0 
1073 	 1917.853027 	 0 
1074 	 1917.375610 	 1 
1075 	 1917.347168 	 1 
1076 	 1917.151001 	 1 
1077 	 1917.406006 	 1 
1078 	 1917.387329 	 1 
1079 	 1917.918091 	 0 
1080 	 1917.567261 	 0 
1081 	 1917.082031 	 2 
1082 	 1917.322998 	 1 
1083 	 1917.588745 	 0 
1084 	 1917.889404 	 0 
1085 	 1917.515503 	 0 
1086 	 1917.712646 	 0 
1087 	 1917.779907 	 0 
1088 	 1916.938354 	 2 
1089 	 1917.913452 	 0 
1090 	 1917.499512 	 0 
1091 	 1917.616577 	 0 
1092 	 1917.220093 	 1 
1093 	 1917.762207 	 0 
1094 	 1917.738037 	 0 
1095 	 1917.741333 	 0 
1096 	 1917.464478 	 1 
1097 	 1917.495850 	 0 
1098 	 1917.555054 	 1 
1099 	 1917.600586 	 1 
1100 	 1917.739136 	 0 
1101 	 1917.691406 	 0 
1102 	 1917.751953 	 0 
1103 	 1917.587280 	 0 
1104 	 1917.633789 	 0 
1105 	 1917.583008 	 0 
1106 	 1917.869751 	 0 
1107 	 1917.639648 	 1 
1108 	 1917.322632 	 1 
1109 	 1917.291016 	 1 
1110 	 1917.101929 	 2 
1111 	 1917.261963 	 1 
1112 	 1917.992920 	 0 
1113 	 1917.354980 	 1 
1114 	 1916.598389 	 2 
1115 	 1917.575928 	 0 
1116 	 1917.693848 	 0 
1117 	 1917.944092 	 0 
1118 	 1917.835327 	 0 
1119 	 1917.653687 	 0 
1120 	 1916.861450 	 2 
1121 	 1917.718384 	 0 
1122 	 1917.457520 	 1 
1123 	 1917.927734 	 0 
1124 	 1917.782959 	 0 
1125 	 1917.434326 	 1 
1126 	 1917.871582 	 0 
1127 	 1917.841309 	 0 
1128 	 1917.350830 	 1 
1129 	 1917.461670 	 1 
1130 	 1917.660767 	 0 
1131 	 1918.002075 	 0 
1132 	 1917.240356 	 2 
1133 	 1917.770752 	 0 
1134 	 1917.609619 	 0 
1135 	 1917.182251 	 1 
1136 	 1917.725708 	 0 
1137 	 1917.991699 	 0 
1138 	 1917.692993 	 0 
1139 	 1917.366089 	 1 
1140 	 1917.393311 	 1 
1141 	 1916.921997 	 2 
1142 	 1916.758789 	 2 
1143 	 1917.648804 	 0 
1144 	 1917.246216 	 1 
1145 	 1917.865723 	 0 
1146 	 1917.837769 	 0 
1147 	 1917.193115 	 2 
1148 	 1917.458374 	 1 
1149 	 1917.775391 	 0 
1150 	 1917.132568 	 1 
1151 	 1917.321899 	 1 
1152 	 1917.759521 	 0 
1153 	 1917.551880 	 1 
1154 	 1917.843628 	 0 
1155 	 1917.754028 	 0 
1156 	 1917.647827 	 0 
1157 	 1917.691040 	 0 
1158 	 1917.229492 	 0 
1159 	 1917.716919 	 0 
1160 	 1917.452881 	 1 
1161 	 1917.708252 	 1 
1162 	 1917.598511 	 0 
1163 	 1917.530762 	 0 
1164 	 1917.528076 	 0 
1165 	 1917.905273 	 0 
1166 	 1917.670410 	 0 
1167 	 1917.751709 	 0 
1168 	 1917.307617 	 1 
1169 	 1917.856079 	 0 
1170 	 1917.249023 	 1 
1171 	 1916.872192 	 2 
1172 	 1917.101074 	 2 
1173 	 1917.938721 	 0 
1174 	 1917.633179 	 0 
1175 	 1917.726929 	 0 
1176 	 1917.780640 	 0 
1177 	 1918.058472 	 0 
1178 	 1917.356567 	 1 
1179 	 1917.183838 	 1 
1180 	 1917.645630 	 0 
1181 	 1917.669800 	 0 
1182 	 1917.968018 	 0 
1183 	 1917.861938 	 0 
1184 	 1917.190674 	 1 
1185 	 1917.528198 	 1 
1186 	 1917.593262 	 0 
1187 	 1917.615479 	 0 
1188 	 1917.275269 	 1 
1189 	 1917.420532 	 1 
1190 	 1917.318237 	 1 
1191 	 1917.236450 	 1 
1192 	 1917.636963 	 0 
1193 	 1917.686768 	 0 
1194 	 1917.228027 	 1 
1195 	 1917.124878 	 1 
1196 	 1917.167480 	 1 
1197 	 1917.671265 	 0 
1198 	 1917.255371 	 1 
1199 	 1917.554321 	 0 
1200 	 1917.862061 	 0 
1201 	 1917.437378 	 0 
1202 	 1917.893921 	 0 
1203 	 1917.916626 	 0 
1204 	 1917.809692 	 0 
1205 	 1917.703979 	 0 
1206 	 1917.487305 	 1 
1207 	 1917.237061 	 1 
1208 	 1917.738892 	 0 
1209 	 1917.916870 	 0 
1210 	 1917.936035 	 0 
1211 	 1917.164307 	 1 
1212 	 1917.514526 	 1 
1213 	 1917.609131 	 0 
1214 	 1917.515747 	 0 
1215 	 1917.945923 	 0 
1216 	 1917.899170 	 0 
1217 	 1917.394165 	 1 
1218 	 1917.314819 	 1 
1219 	 1917.726074 	 0 
1220 	 1917.674561 	 0 
1221 	 1917.760254 	 1 
1222 	 1917.860229 	 0 
1223 	 1916.925903 	 2 
1224 	 1917.575684 	 1 
1225 	 1917.809692 	 0 
1226 	 1917.752319 	 0 
1227 	 1917.921875 	 0 
1228 	 1917.652954 	 0 
1229 	 1917.477783 	 1 
1230 	 1917.708984 	 0 
1231 	 1917.740479 	 0 
1232 	 1917.371094 	 1 
1233 	 1917.398682 	 1 
1234 	 1917.626831 	 0 
1235 	 1917.892944 	 0 
1236 	 1917.602173 	 1 
1237 	 1917.052856 	 2 
1238 	 1917.366943 	 0 
1239 	 1917.904175 	 0 
1240 	 1917.499390 	 1 
1241 	 1916.304565 	 4 
1242 	 1917.559937 	 0 
1243 	 1917.394775 	 1 
1244 	 1917.483643 	 0 
1245 	 1917.559326 	 0 
1246 	 1916.963623 	 1 
1247 	 1917.236572 	 1 
1248 	 1917.329712 	 1 
1249 	 1917.814575 	 0 
1250 	 1917.787720 	 0 
1251 	 1917.852173 	 0 
1252 	 1917.443604 	 1 
1253 	 1916.913086 	 2 
1254 	 1917.280273 	 1 
1255 	 1917.468994 	 1 
1256 	 1917.510620 	 0 
1257 	 1917.115112 	 1 
1258 	 1917.453369 	 1 
1259 	 1917.298340 	 1 
1260 	 1917.587158 	 0 
1261 	 1916.602295 	 3 
1262 	 1917.781982 	 0 
1263 	 1917.735596 	 0 
1264 	 1917.349976 	 1 
1265 	 1917.667480 	 0 
1266 	 1917.619629 	 0 
1267 	 1917.089478 	 2 
1268 	 1917.352295 	 1 
1269 	 1917.530396 	 0 
1270 	 1917.123779 	 2 
1271 	 1917.431885 	 1 
1272 	 1917.966309 	 0 
1273 	 1916.931030 	 2 
1274 	 1917.941895 	 0 
1275 	 1917.248901 	 1 
1276 	 1917.290894 	 1 
1277 	 1917.032959 	 1 
1278 	 1917.654297 	 0 
1279 	 1917.471191 	 1 
1280 	 1917.709229 	 0 
1281 	 1917.344971 	 1 
1282 	 1916.989624 	 2 
1283 	 1917.477295 	 0 
1284 	 1917.303711 	 1 
1285 	 1917.598755 	 0 
1286 	 1917.760254 	 0 
1287 	 1917.795532 	 0 
1288 	 1917.121948 	 2 
1289 	 1918.103516 	 0 
1290 	 1917.455200 	 0 
1291 	 1918.053589 	 0 
1292 	 1917.673828 	 0 
1293 	 1916.965210 	 2 
1294 	 1917.673340 	 0 
1295 	 1917.791626 	 0 
1296 	 1917.920410 	 0 
1297 	 1917.665894 	 0 
1298 	 1917.820679 	 0 
1299 	 1918.044312 	 0 
1300 	 1917.315796 	 1 
1301 	 1917.408569 	 1 
1302 	 1917.608398 	 1 
1303 	 1917.840698 	 0 
1304 	 1917.991699 	 0 
1305 	 1917.594971 	 0 
1306 	 1917.476807 	 0 
1307 	 1917.788452 	 0 
1308 	 1916.692505 	 3 
1309 	 1918.031738 	 0 
1310 	 1917.534180 	 0 
1311 	 1917.464600 	 1 
1312 	 1917.479126 	 1 
1313 	 1917.488892 	 1 
1314 	 1917.667603 	 0 
1315 	 1917.666016 	 0 
1316 	 1917.532471 	 0 
1317 	 1917.383301 	 1 
1318 	 1917.671143 	 0 
1319 	 1917.234741 	 1 
1320 	 1917.015503 	 2 
1321 	 1917.463623 	 1 
1322 	 1917.460205 	 0 
1323 	 1917.759521 	 0 
1324 	 1917.283813 	 1 
1325 	 1917.720703 	 0 
1326 	 1917.921143 	 0 
1327 	 1917.959106 	 0 
1328 	 1917.857788 	 0 
1329 	 1917.272339 	 1 
1330 	 1917.461792 	 1 
1331 	 1917.711670 	 0 
1332 	 1917.306396 	 1 
1333 	 1917.595337 	 0 
1334 	 1917.833862 	 0 
1335 	 1917.566284 	 0 
1336 	 1917.860352 	 0 
1337 	 1917.070068 	 2 
1338 	 1917.180054 	 2 
1339 	 1917.879150 	 0 
1340 	 1917.491821 	 0 
1341 	 1917.783569 	 0 
1342 	 1917.747803 	 0 
1343 	 1917.264771 	 1 
1344 	 1917.473145 	 1 
1345 	 1917.617310 	 0 
1346 	 1917.471558 	 0 
1347 	 1916.908203 	 2 
1348 	 1917.414062 	 1 
1349 	 1917.654663 	 0 
1350 	 1917.686646 	 0 
1351 	 1917.754639 	 0 
1352 	 1917.740479 	 0 
1353 	 1917.901367 	 0 
1354 	 1917.838623 	 0 
1355 	 1917.687256 	 0 
1356 	 1917.075439 	 1 
1357 	 1917.487549 	 1 
1358 	 1917.339355 	 1 
1359 	 1917.670776 	 0 
1360 	 1917.566528 	 0 
1361 	 1917.727051 	 0 
1362 	 1917.672119 	 0 
1363 	 1917.798584 	 0 
1364 	 1917.671387 	 1 
1365 	 1917.700684 	 1 
1366 	 1918.048096 	 0 
1367 	 1917.702759 	 0 
1368 	 1917.983765 	 0 
1369 	 1918.115112 	 0 
1370 	 1917.529907 	 0 
1371 	 1917.719604 	 0 
1372 	 1917.790649 	 0 
1373 	 1917.496948 	 1 
1374 	 1917.572632 	 1 
1375 	 1917.627075 	 0 
1376 	 1917.744019 	 0 
1377 	 1917.841187 	 0 
1378 	 1917.686035 	 0 
1379 	 1917.534302 	 1 
1380 	 1917.980225 	 0 
1381 	 1917.772339 	 0 
1382 	 1917.491455 	 0 
1383 	 1917.628174 	 0 
1384 	 1917.964233 	 0 
1385 	 1917.777832 	 0 
1386 	 1917.673706 	 0 
1387 	 1917.755371 	 0 
1388 	 1917.431030 	 0 
1389 	 1917.169067 	 2 
1390 	 1918.061401 	 0 
1391 	 1917.731201 	 0 
1392 	 1917.839966 	 0 
1393 	 1917.739258 	 0 
1394 	 1917.389404 	 0 
1395 	 1917.495483 	 0 
1396 	 1918.008789 	 0 
1397 	 1917.719238 	 0 
1398 	 1917.767090 	 0 
1399 	 1917.741699 	 0 
1400 	 1918.080688 	 0 
1401 	 1917.647339 	 0 
1402 	 1917.709595 	 0 
1403 	 1917.195801 	 2 
1404 	 1917.859009 	 0 
1405 	 1917.643677 	 0 
1406 	 1917.385010 	 1 
1407 	 1917.768066 	 0 
1408 	 1917.457764 	 1 
1409 	 1917.710083 	 0 
1410 	 1917.790405 	 0 
1411 	 1917.590820 	 0 
1412 	 1916.841431 	 2 
1413 	 1917.663818 	 0 
1414 	 1917.228638 	 1 
1415 	 1917.678101 	 0 
1416 	 1917.611328 	 1 
1417 	 1917.639404 	 0 
1418 	 1917.733398 	 0 
1419 	 1917.841187 	 0 
1420 	 1917.875488 	 0 
1421 	 1917.520752 	 0 
1422 	 1917.384155 	 1 
1423 	 1917.855591 	 0 
1424 	 1917.134766 	 1 
1425 	 1917.787964 	 0 
1426 	 1917.576660 	 0 
1427 	 1917.550049 	 0 
1428 	 1917.737061 	 0 
1429 	 1917.611328 	 0 
1430 	 1917.361084 	 1 
1431 	 1917.772827 	 0 
1432 	 1917.611938 	 0 
1433 	 1917.213745 	 1 
1434 	 1917.139526 	 2 
1435 	 1917.516357 	 1 
1436 	 1917.834473 	 0 
1437 	 1918.036865 	 0 
1438 	 1917.120117 	 2 
1439 	 1917.989990 	 0 
1440 	 1917.647339 	 0 
1441 	 1917.334351 	 1 
1442 	 1917.685791 	 0 
1443 	 1917.857910 	 0 
1444 	 1916.798706 	 2 
1445 	 1917.713745 	 0 
1446 	 1918.041138 	 0 
1447 	 1917.654419 	 0 
1448 	 1917.502563 	 1 
1449 	 1917.859863 	 0 
1450 	 1916.904907 	 2 
1451 	 1917.840576 	 0 
1452 	 1917.484497 	 1 
1453 	 1917.256958 	 1 
1454 	 1917.551270 	 0 
1455 	 1917.563477 	 1 
1456 	 1917.747314 	 0 
1457 	 1917.845337 	 0 
1458 	 1917.768311 	 0 
1459 	 1917.012939 	 2 
1460 	 1918.022705 	 0 
1461 	 1917.709473 	 0 
1462 	 1917.850708 	 0 
1463 	 1917.931519 	 0 
1464 	 1917.046143 	 2 
1465 	 1917.630737 	 0 
1466 	 1918.008423 	 0 
1467 	 1917.683960 	 0 
1468 	 1918.132446 	 0 
1469 	 1917.603027 	 0 
1470 	 1917.068115 	 2 
1471 	 1917.567261 	 0 
1472 	 1917.960083 	 0 
1473 	 1917.242554 	 2 
1474 	 1917.752197 	 0 
1475 	 1917.719360 	 0 
1476 	 1917.875366 	 0 
1477 	 1918.046143 	 0 
1478 	 1917.886719 	 0 
1479 	 1917.532104 	 1 
1480 	 1917.718628 	 0 
1481 	 1917.665161 	 0 
1482 	 1917.288452 	 1 
1483 	 1917.442627 	 1 
1484 	 1917.478882 	 1 
1485 	 1917.796753 	 0 
1486 	 1918.046631 	 0 
1487 	 1917.804321 	 0 
1488 	 1917.898071 	 0 
1489 	 1917.320190 	 1 
1490 	 1917.579834 	 1 
1491 	 1917.714600 	 0 
1492 	 1917.638428 	 0 
1493 	 1917.740601 	 0 
1494 	 1917.642944 	 0 
1495 	 1917.549561 	 0 
1496 	 1917.928955 	 0 
1497 	 1917.565308 	 1 
1498 	 1917.384399 	 1 
1499 	 1917.738037 	 0 
1500 	 1917.383545 	 1 
1501 	 1917.447876 	 0 
1502 	 1917.269653 	 1 
1503 	 1917.489014 	 0 
1504 	 1917.690186 	 0 
1505 	 1917.943970 	 0 
1506 	 1917.297852 	 1 
1507 	 1917.094604 	 1 
1508 	 1917.395142 	 1 
1509 	 1917.704956 	 0 
1510 	 1917.481201 	 1 
1511 	 1917.399292 	 0 
1512 	 1917.499146 	 0 
1513 	 1917.628052 	 0 
1514 	 1917.806030 	 0 
1515 	 1917.739014 	 0 
1516 	 1917.449097 	 1 
1517 	 1916.964355 	 2 
1518 	 1917.846313 	 0 
1519 	 1917.648193 	 0 
1520 	 1917.189697 	 1 
1521 	 1917.609131 	 0 
1522 	 1918.031738 	 0 
1523 	 1917.856812 	 0 
1524 	 1917.897827 	 0 
1525 	 1917.791260 	 0 
1526 	 1917.891235 	 0 
1527 	 1917.501465 	 1 
1528 	 1917.632935 	 0 
1529 	 1917.644653 	 1 
1530 	 1917.863281 	 0 
1531 	 1917.802734 	 0 
1532 	 1917.711914 	 0 
1533 	 1917.630371 	 0 
1534 	 1917.806274 	 0 
1535 	 1917.316284 	 2 
1536 	 1917.818848 	 0 
1537 	 1917.652466 	 0 
1538 	 1917.791016 	 0 
1539 	 1917.850342 	 0 
1540 	 1917.523926 	 0 
1541 	 1917.378662 	 1 
1542 	 1917.868652 	 0 
1543 	 1917.581909 	 0 
1544 	 1917.460571 	 1 
1545 	 1917.632568 	 0 
1546 	 1917.817993 	 0 
1547 	 1917.700806 	 0 
1548 	 1917.542114 	 0 
1549 	 1917.583984 	 0 
1550 	 1918.012207 	 0 
1551 	 1917.244019 	 1 
1552 	 1917.647461 	 0 
1553 	 1917.668457 	 0 
1554 	 1917.542114 	 1 
1555 	 1917.773560 	 0 
1556 	 1917.504395 	 0 
1557 	 1917.865601 	 0 
1558 	 1917.488525 	 1 
1559 	 1917.675049 	 0 
1560 	 1917.806396 	 0 
1561 	 1917.521851 	 1 
1562 	 1917.892456 	 0 
1563 	 1917.262207 	 1 
1564 	 1917.749023 	 0 
1565 	 1917.775879 	 0 
1566 	 1917.733887 	 0 
1567 	 1917.227905 	 2 
1568 	 1917.480835 	 1 
1569 	 1917.690186 	 0 
1570 	 1917.877441 	 0 
1571 	 1917.700195 	 0 
1572 	 1917.764282 	 0 
1573 	 1917.858276 	 0 
1574 	 1917.234131 	 1 
1575 	 1917.472046 	 0 
1576 	 1917.793335 	 0 
1577 	 1917.677002 	 0 
1578 	 1917.496338 	 0 
1579 	 1917.711426 	 1 
1580 	 1918.079834 	 0 
1581 	 1917.444824 	 0 
1582 	 1917.756104 	 0 
1583 	 1917.989990 	 0 
1584 	 1917.896729 	 0 
1585 	 1917.760132 	 0 
1586 	 1917.508423 	 1 
1587 	 1917.309204 	 1 
1588 	 1917.730469 	 0 
1589 	 1917.720337 	 0 
1590 	 1917.602783 	 0 
1591 	 1917.771118 	 0 
1592 	 1917.516479 	 1 
1593 	 1917.507080 	 1 
1594 	 1917.628418 	 0 
1595 	 1917.661011 	 0 
1596 	 1917.767822 	 0 
1597 	 1917.526001 	 0 
1598 	 1917.904419 	 0 
1599 	 1917.764648 	 0 
1600 	 1917.390381 	 1 
1601 	 1917.876709 	 0 
1602 	 1917.544922 	 1 
1603 	 1917.495239 	 1 
1604 	 1917.491943 	 0 
1605 	 1917.878662 	 0 
1606 	 1917.683716 	 0 
1607 	 1917.804199 	 0 
1608 	 1917.177734 	 1 
1609 	 1917.277954 	 1 
1610 	 1917.507935 	 0 
1611 	 1917.958618 	 0 
1612 	 1917.621948 	 0 
1613 	 1917.168213 	 1 
1614 	 1917.762329 	 0 
1615 	 1917.481934 	 1 
1616 	 1917.791626 	 0 
1617 	 1917.751709 	 0 
1618 	 1917.439819 	 1 
1619 	 1917.703247 	 0 
1620 	 1917.734375 	 0 
1621 	 1917.677856 	 0 
1622 	 1917.361816 	 0 
1623 	 1917.709229 	 0 
1624 	 1917.519531 	 0 
1625 	 1917.759521 	 0 
1626 	 1918.013306 	 0 
1627 	 1918.021484 	 0 
1628 	 1917.982788 	 0 
1629 	 1917.891602 	 0 
1630 	 1917.726318 	 0 
1631 	 1917.466309 	 1 
1632 	 1917.730835 	 0 
1633 	 1916.968262 	 2 
1634 	 1917.648438 	 0 
1635 	 1917.288818 	 1 
1636 	 1917.518555 	 0 
1637 	 1917.753784 	 0 
1638 	 1917.521362 	 0 
1639 	 1917.109741 	 1 
1640 	 1917.901855 	 0 
1641 	 1917.915771 	 0 
1642 	 1917.718506 	 0 
1643 	 1916.925781 	 2 
1644 	 1917.600830 	 0 
1645 	 1917.893311 	 0 
1646 	 1917.709717 	 0 
1647 	 1917.761353 	 0 
1648 	 1917.665649 	 0 
1649 	 1917.350952 	 1 
1650 	 1918.079956 	 0 
1651 	 1917.346680 	 1 
1652 	 1917.318604 	 1 
1653 	 1917.341187 	 1 
1654 	 1917.956421 	 0 
1655 	 1917.440063 	 0 
1656 	 1917.770630 	 0 
1657 	 1917.670776 	 0 
1658 	 1917.689941 	 0 
1659 	 1917.941528 	 0 
1660 	 1917.554688 	 0 
1661 	 1917.589844 	 1 
1662 	 1917.539673 	 0 
1663 	 1917.761475 	 0 
1664 	 1918.140503 	 0 
1665 	 1917.574341 	 0 
1666 	 1917.476318 	 0 
1667 	 1917.371338 	 1 
1668 	 1917.157227 	 1 
1669 	 1916.619019 	 3 
1670 	 1917.229370 	 1 
1671 	 1916.844604 	 1 
1672 	 1917.772827 	 0 
1673 	 1917.179932 	 1 
1674 	 1917.902344 	 0 
1675 	 1917.612427 	 0 
1676 	 1916.969482 	 2 
1677 	 1917.552124 	 1 
1678 	 1917.741333 	 1 
1679 	 1918.017090 	 0 
1680 	 1916.958740 	 2 
1681 	 1917.701904 	 0 
1682 	 1917.984619 	 0 
1683 	 1917.704224 	 0 
1684 	 1917.613770 	 0 
1685 	 1917.789062 	 0 
1686 	 1917.431274 	 1 
1687 	 1917.255371 	 1 
1688 	 1917.316406 	 1 
1689 	 1917.930786 	 0 
1690 	 1917.937622 	 0 
1691 	 1917.856201 	 0 
1692 	 1918.061157 	 0 
1693 	 1917.414062 	 0 
1694 	 1917.801270 	 1 
1695 	 1917.461548 	 1 
1696 	 1917.446045 	 1 
1697 	 1917.690430 	 0 
1698 	 1917.651245 	 0 
1699 	 1917.568726 	 0 
1700 	 1917.977539 	 0 
1701 	 1917.629028 	 0 
1702 	 1917.646118 	 0 
1703 	 1917.753784 	 0 
1704 	 1917.462158 	 1 
1705 	 1917.131592 	 2 
1706 	 1917.671143 	 1 
1707 	 1917.595459 	 0 
1708 	 1917.898193 	 0 
1709 	 1917.833252 	 0 
1710 	 1917.963867 	 0 
1711 	 1917.321533 	 1 
1712 	 1917.413086 	 1 
1713 	 1917.794922 	 0 
1714 	 1917.471069 	 0 
1715 	 1916.591553 	 3 
1716 	 1917.760986 	 0 
1717 	 1917.465454 	 1 
1718 	 1917.817871 	 0 
1719 	 1917.968750 	 0 
1720 	 1917.760132 	 0 
1721 	 1917.399780 	 1 
1722 	 1917.780518 	 0 
1723 	 1917.768677 	 0 
1724 	 1917.782959 	 0 
1725 	 1917.388428 	 1 
1726 	 1917.773438 	 0 
1727 	 1918.000366 	 0 
1728 	 1917.603882 	 0 
1729 	 1917.299438 	 2 
1730 	 1917.705200 	 0 
1731 	 1917.657837 	 0 
1732 	 1917.640259 	 0 
1733 	 1917.416138 	 1 
1734 	 1917.817505 	 0 
1735 	 1917.579956 	 0 
1736 	 1917.309937 	 1 
1737 	 1917.651855 	 0 
1738 	 1917.734741 	 0 
1739 	 1917.485718 	 1 
1740 	 1917.546387 	 1 
1741 	 1917.501831 	 1 
1742 	 1917.713501 	 0 
1743 	 1917.649048 	 0 
1744 	 1917.744873 	 0 
1745 	 1917.301147 	 1 
1746 	 1917.251831 	 1 
1747 	 1917.690552 	 0 
1748 	 1917.647095 	 0 
1749 	 1917.272583 	 1 
1750 	 1917.665771 	 0 
1751 	 1917.909180 	 0 
1752 	 1917.798828 	 0 
1753 	 1917.391846 	 1 
1754 	 1917.830444 	 0 
1755 	 1917.635742 	 0 
1756 	 1917.541748 	 1 
1757 	 1917.574829 	 0 
1758 	 1917.557373 	 0 
1759 	 1917.509766 	 1 
1760 	 1917.626343 	 0 
1761 	 1917.565674 	 0 
1762 	 1917.121582 	 1 
1763 	 1917.580811 	 1 
1764 	 1917.552979 	 0 
1765 	 1917.669922 	 0 
1766 	 1917.752441 	 0 
1767 	 1917.520508 	 0 
1768 	 1917.729736 	 0 
1769 	 1917.972656 	 0 
1770 	 1917.658325 	 0 
1771 	 1917.756592 	 0 
1772 	 1917.761597 	 0 
1773 	 1917.856079 	 0 
1774 	 1917.715576 	 0 
1775 	 1917.579956 	 1 
1776 	 1917.798340 	 0 
1777 	 1917.455811 	 0 
1778 	 1917.788330 	 0 
1779 	 1917.536255 	 0 
1780 	 1917.746216 	 0 
1781 	 1916.855347 	 2 
1782 	 1917.777954 	 0 
1783 	 1917.994995 	 0 
1784 	 1917.719604 	 0 
1785 	 1917.149902 	 1 
1786 	 1917.701172 	 0 
1787 	 1917.190430 	 1 
1788 	 1917.880249 	 0 
1789 	 1917.767456 	 0 
1790 	 1917.687622 	 0 
1791 	 1917.275879 	 1 
1792 	 1917.316528 	 1 
1793 	 1917.025269 	 2 
1794 	 1917.749390 	 0 
1795 	 1917.135986 	 1 
1796 	 1917.601685 	 0 
1797 	 1917.780396 	 0 
1798 	 1917.536377 	 0 
1799 	 1917.622192 	 1 
1800 	 1917.609619 	 0 
1801 	 1917.848877 	 0 
1802 	 1917.937500 	 0 
1803 	 1917.976685 	 0 
1804 	 1917.103271 	 1 
1805 	 1917.341309 	 1 
1806 	 1917.631470 	 0 
1807 	 1917.705078 	 0 
1808 	 1917.057007 	 1 
1809 	 1917.434570 	 1 
1810 	 1917.507446 	 1 
1811 	 1917.502197 	 0 
1812 	 1917.369873 	 1 
1813 	 1917.918213 	 0 
1814 	 1917.829834 	 0 
1815 	 1917.816406 	 0 
1816 	 1917.438354 	 1 
1817 	 1918.044067 	 0 
1818 	 1917.861084 	 0 
1819 	 1918.023315 	 0 
1820 	 1917.623657 	 0 
1821 	 1917.490967 	 0 
1822 	 1916.833984 	 2 
1823 	 1917.767334 	 0 
1824 	 1917.761353 	 0 
1825 	 1917.824707 	 0 
1826 	 1917.499390 	 0 
1827 	 1917.843872 	 0 
1828 	 1917.049927 	 2 
1829 	 1917.656738 	 0 
1830 	 1917.368530 	 1 
1831 	 1917.780640 	 0 
1832 	 1917.443359 	 1 
1833 	 1917.598145 	 1 
1834 	 1917.715332 	 0 
1835 	 1917.525635 	 1 
1836 	 1917.844971 	 0 
1837 	 1918.031982 	 0 
1838 	 1917.593262 	 0 
1839 	 1918.023926 	 0 
1840 	 1917.444458 	 1 
1841 	 1917.451294 	 1 
1842 	 1917.785400 	 0 
1843 	 1917.664673 	 0 
1844 	 1917.543091 	 0 
1845 	 1917.935303 	 0 
1846 	 1917.587891 	 0 
1847 	 1917.322754 	 1 
1848 	 1917.642456 	 0 
1849 	 1917.897949 	 0 
1850 	 1917.718750 	 0 
1851 	 1917.207520 	 1 
1852 	 1917.722900 	 0 
1853 	 1917.389526 	 1 
1854 	 1917.653687 	 0 
1855 	 1917.209839 	 1 
1856 	 1917.673950 	 0 
1857 	 1916.952393 	 2 
1858 	 1917.075439 	 2 
1859 	 1917.199829 	 1 
1860 	 1917.401611 	 0 
1861 	 1917.717285 	 0 
1862 	 1917.891113 	 0 
1863 	 1917.563232 	 1 
1864 	 1917.921387 	 0 
1865 	 1917.342896 	 1 
1866 	 1917.672729 	 0 
1867 	 1917.387207 	 1 
1868 	 1917.489868 	 1 
1869 	 1917.041016 	 1 
1870 	 1917.559082 	 0 
1871 	 1917.482666 	 0 
1872 	 1917.594849 	 0 
1873 	 1917.705688 	 0 
1874 	 1917.159790 	 2 
1875 	 1917.425293 	 1 
1876 	 1917.454712 	 1 
1877 	 1917.854736 	 0 
1878 	 1917.637329 	 0 
1879 	 1917.761353 	 0 
1880 	 1917.785522 	 0 
1881 	 1917.462036 	 1 
1882 	 1918.161865 	 0 
1883 	 1917.509033 	 0 
1884 	 1917.296631 	 1 
1885 	 1917.164429 	 1 
1886 	 1917.634277 	 0 
1887 	 1917.929321 	 0 
1888 	 1917.545898 	 1 
1889 	 1917.337891 	 1 
1890 	 1917.497314 	 0 
1891 	 1917.949097 	 0 
1892 	 1917.374634 	 1 
1893 	 1917.744263 	 0 
1894 	 1917.580933 	 0 
1895 	 1917.699951 	 0 
1896 	 1917.631348 	 0 
1897 	 1918.009644 	 0 
1898 	 1917.199219 	 1 
1899 	 1917.702026 	 0 
1900 	 1917.749390 	 0 
1901 	 1917.380981 	 1 
1902 	 1917.614380 	 0 
1903 	 1917.699341 	 0 
1904 	 1917.675659 	 1 
1905 	 1918.242188 	 0 
1906 	 1917.517456 	 0 
1907 	 1917.726440 	 0 
1908 	 1917.716675 	 0 
1909 	 1917.492676 	 1 
1910 	 1917.956177 	 0 
1911 	 1917.959229 	 0 
1912 	 1917.350464 	 1 
1913 	 1917.087402 	 1 
1914 	 1917.833862 	 0 
1915 	 1917.960571 	 0 
1916 	 1917.641235 	 0 
1917 	 1917.714111 	 0 
1918 	 1917.532471 	 0 
1919 	 1917.843018 	 0 
1920 	 1917.678467 	 0 
1921 	 1917.845215 	 0 
1922 	 1916.833374 	 2 
1923 	 1917.869751 	 0 
1924 	 1917.627075 	 1 
1925 	 1917.770874 	 0 
1926 	 1917.834839 	 0 
1927 	 1917.824463 	 0 
1928 	 1918.010498 	 0 
1929 	 1917.853271 	 0 
1930 	 1917.649414 	 0 
1931 	 1917.916504 	 0 
1932 	 1917.184692 	 1 
1933 	 1917.654419 	 0 
1934 	 1917.591553 	 0 
1935 	 1917.621338 	 0 
1936 	 1917.760254 	 0 
1937 	 1917.819458 	 0 
1938 	 1917.936646 	 0 
1939 	 1917.373901 	 1 
1940 	 1917.883545 	 0 
1941 	 1917.645874 	 0 
1942 	 1917.808228 	 0 
1943 	 1917.894897 	 0 
1944 	 1917.669434 	 0 
1945 	 1917.724243 	 0 
1946 	 1917.752075 	 0 
1947 	 1917.593506 	 0 
1948 	 1917.706421 	 0 
1949 	 1917.895508 	 0 
1950 	 1917.411499 	 1 
1951 	 1917.432617 	 1 
1952 	 1917.660400 	 0 
1953 	 1917.531128 	 0 
1954 	 1917.421509 	 1 
1955 	 1917.894409 	 0 
1956 	 1917.729126 	 0 
1957 	 1917.389648 	 1 
1958 	 1917.251953 	 1 
1959 	 1917.819458 	 0 
1960 	 1917.581421 	 0 
1961 	 1917.113281 	 2 
1962 	 1917.857910 	 0 
1963 	 1917.464844 	 0 
1964 	 1917.736206 	 0 
1965 	 1917.258301 	 1 
1966 	 1917.601318 	 0 
1967 	 1917.848633 	 0 
1968 	 1917.584473 	 0 
1969 	 1917.660645 	 0 
1970 	 1917.285278 	 1 
1971 	 1917.787231 	 0 
1972 	 1917.500122 	 0 
1973 	 1917.950439 	 0 
1974 	 1917.013062 	 2 
1975 	 1917.824829 	 0 
1976 	 1917.581299 	 0 
1977 	 1917.718628 	 0 
1978 	 1917.443237 	 1 
1979 	 1917.690918 	 0 
1980 	 1917.946899 	 0 
1981 	 1917.690796 	 0 
1982 	 1917.723267 	 0 
1983 	 1917.310059 	 1 
1984 	 1917.231934 	 1 
1985 	 1917.403076 	 1 
1986 	 1917.702759 	 0 
1987 	 1917.781006 	 0 
1988 	 1917.499390 	 0 
1989 	 1917.454956 	 1 
1990 	 1917.728882 	 1 
1991 	 1917.495483 	 1 
1992 	 1917.640137 	 0 
1993 	 1917.695435 	 1 
1994 	 1917.859253 	 0 
1995 	 1916.737793 	 3 
1996 	 1917.762207 	 0 
1997 	 1917.613159 	 0 
1998 	 1917.823364 	 0 
1999 	 1917.296143 	 1 
2000 	 1917.422119 	 1 
2001 	 1917.658447 	 0 
2002 	 1917.594116 	 0 
2003 	 1917.810791 	 1 
2004 	 1917.281494 	 1 
2005 	 1917.643066 	 0 
2006 	 1917.698364 	 0 
2007 	 1917.528320 	 0 
2008 	 1917.847900 	 0 
2009 	 1917.927612 	 0 
2010 	 1918.021851 	 0 
2011 	 1917.175537 	 1 
2012 	 1917.741943 	 0 
2013 	 1917.436035 	 0 
2014 	 1917.691772 	 0 
2015 	 1917.687500 	 0 
2016 	 1917.718506 	 0 
2017 	 1917.526123 	 1 
2018 	 1917.826416 	 0 
2019 	 1917.571899 	 1 
2020 	 1917.817627 	 0 
2021 	 1917.745972 	 0 
2022 	 1917.531860 	 1 
2023 	 1917.911987 	 0 
2024 	 1917.951904 	 0 
2025 	 1917.611450 	 0 
2026 	 1917.070801 	 2 
2027 	 1917.155640 	 2 
2028 	 1917.827759 	 0 
2029 	 1917.931274 	 0 
2030 	 1917.246826 	 1 
2031 	 1918.026245 	 0 
2032 	 1917.755493 	 0 
2033 	 1917.361694 	 1 
2034 	 1917.477417 	 1 
2035 	 1917.365723 	 1 
2036 	 1917.828735 	 0 
2037 	 1917.819580 	 0 
2038 	 1917.643677 	 0 
2039 	 1917.565308 	 0 
2040 	 1917.598022 	 1 
2041 	 1917.584473 	 0 
2042 	 1917.628540 	 0 
2043 	 1917.730713 	 0 
2044 	 1917.571167 	 0 
2045 	 1917.592896 	 1 
2046 	 1917.520508 	 1 
2047 	 1917.425659 	 0 
2048 	 1917.468018 	 1 
2049 	 1917.778564 	 0 
2050 	 1917.721069 	 0 
2051 	 1917.214600 	 1 
2052 	 1916.843994 	 2 
2053 	 1917.848999 	 0 
2054 	 1917.679443 	 0 
2055 	 1916.679565 	 3 
2056 	 1917.522827 	 0 
2057 	 1917.718018 	 0 
2058 	 1917.940308 	 0 
2059 	 1917.836304 	 0 
2060 	 1917.775513 	 0 
2061 	 1917.292725 	 1 
2062 	 1917.916992 	 0 
2063 	 1917.821289 	 0 
2064 	 1917.041748 	 1 
2065 	 1917.787964 	 0 
2066 	 1918.002930 	 0 
2067 	 1917.235107 	 1 
2068 	 1917.820068 	 0 
2069 	 1917.836914 	 0 
2070 	 1917.839111 	 0 
2071 	 1917.786621 	 0 
2072 	 1917.785645 	 0 
2073 	 1917.605591 	 1 
2074 	 1917.415405 	 1 
2075 	 1917.293579 	 1 
2076 	 1917.697510 	 0 
2077 	 1917.680786 	 0 
2078 	 1917.608398 	 1 
2079 	 1917.636597 	 0 
2080 	 1917.834229 	 0 
2081 	 1917.743408 	 0 
2082 	 1916.993652 	 2 
2083 	 1917.631958 	 0 
2084 	 1917.226929 	 1 
2085 	 1917.556274 	 0 
2086 	 1917.807373 	 0 
2087 	 1916.958862 	 2 
2088 	 1917.819092 	 0 
2089 	 1918.082764 	 0 
2090 	 1917.812866 	 0 
2091 	 1917.722778 	 0 
2092 	 1917.731201 	 0 
2093 	 1916.978149 	 2 
2094 	 1917.701172 	 0 
2095 	 1917.724976 	 0 
2096 	 1917.439087 	 1 
2097 	 1917.898438 	 0 
2098 	 1917.567749 	 1 
2099 	 1917.719238 	 0 
2100 	 1917.685181 	 0 
2101 	 1917.361572 	 1 
2102 	 1916.941772 	 2 
2103 	 1917.588745 	 0 
2104 	 1917.970215 	 0 
2105 	 1917.263550 	 1 
2106 	 1917.277954 	 1 
2107 	 1917.291870 	 1 
2108 	 1917.625366 	 0 
2109 	 1917.621582 	 0 
2110 	 1917.364380 	 1 
2111 	 1917.307007 	 1 
2112 	 1917.805786 	 0 
2113 	 1917.782227 	 0 
2114 	 1917.756470 	 0 
2115 	 1917.678589 	 0 
2116 	 1917.365112 	 1 
2117 	 1917.758423 	 0 
2118 	 1917.941162 	 0 
2119 	 1917.596558 	 0 
2120 	 1917.812256 	 0 
2121 	 1917.082031 	 1 
2122 	 1917.371582 	 1 
2123 	 1917.777710 	 0 
2124 	 1917.753296 	 0 
2125 	 1917.549683 	 1 
2126 	 1917.651978 	 0 
2127 	 1917.131104 	 1 
2128 	 1917.784058 	 0 
2129 	 1917.940674 	 0 
2130 	 1917.525757 	 1 
2131 	 1917.166992 	 1 
2132 	 1917.994629 	 0 
2133 	 1918.040405 	 0 
2134 	 1917.729614 	 0 
2135 	 1917.885254 	 0 
2136 	 1917.463257 	 1 
2137 	 1917.332153 	 0 
2138 	 1917.569336 	 0 
2139 	 1918.002441 	 0 
2140 	 1917.871094 	 0 
2141 	 1917.910156 	 0 
2142 	 1917.571655 	 0 
2143 	 1917.399414 	 2 
2144 	 1917.886353 	 0 
2145 	 1917.898315 	 0 
2146 	 1917.844116 	 0 
2147 	 1917.854858 	 0 
2148 	 1917.904785 	 0 
2149 	 1917.634766 	 1 
2150 	 1917.762573 	 0 
2151 	 1917.723267 	 0 
2152 	 1917.537842 	 0 
2153 	 1917.496216 	 1 
2154 	 1917.558105 	 0 
2155 	 1917.489746 	 0 
2156 	 1917.594971 	 0 
2157 	 1917.431763 	 1 
2158 	 1917.223633 	 1 
2159 	 1917.590088 	 0 
2160 	 1917.809937 	 0 
2161 	 1917.948975 	 0 
2162 	 1917.769897 	 0 
2163 	 1917.620972 	 0 
2164 	 1917.498413 	 0 
2165 	 1917.158325 	 1 
2166 	 1917.065918 	 2 
2167 	 1917.952515 	 0 
2168 	 1917.687134 	 0 
2169 	 1917.374146 	 1 
2170 	 1917.851929 	 0 
2171 	 1917.719116 	 0 
2172 	 1917.683472 	 1 
2173 	 1917.695068 	 0 
2174 	 1917.738770 	 0 
2175 	 1917.773926 	 0 
2176 	 1917.815674 	 0 
2177 	 1917.825073 	 0 
2178 	 1917.326538 	 1 
2179 	 1917.432373 	 1 
2180 	 1917.373291 	 1 
2181 	 1917.281494 	 1 
2182 	 1917.457764 	 0 
2183 	 1917.881958 	 0 
2184 	 1917.637695 	 0 
2185 	 1917.587036 	 0 
2186 	 1917.615723 	 1 
2187 	 1917.619263 	 0 
2188 	 1917.178345 	 1 
2189 	 1917.646606 	 0 
2190 	 1917.093140 	 1 
2191 	 1917.600708 	 0 
2192 	 1917.998657 	 0 
2193 	 1917.494263 	 1 
2194 	 1917.525391 	 0 
2195 	 1917.646362 	 0 
2196 	 1917.720337 	 0 
2197 	 1917.280273 	 1 
2198 	 1917.469238 	 1 
2199 	 1917.834106 	 0 
2200 	 1917.627197 	 0 
2201 	 1917.463623 	 1 
2202 	 1917.787842 	 0 
2203 	 1917.167725 	 1 
2204 	 1917.208618 	 1 
2205 	 1917.832397 	 0 
2206 	 1917.887329 	 0 
2207 	 1917.276367 	 1 
2208 	 1917.541382 	 1 
2209 	 1917.728394 	 0 
2210 	 1917.803223 	 0 
2211 	 1917.516724 	 1 
2212 	 1917.717041 	 0 
2213 	 1917.408447 	 1 
2214 	 1917.288452 	 1 
2215 	 1917.625610 	 0 
2216 	 1917.444214 	 1 
2217 	 1917.032227 	 1 
2218 	 1917.821167 	 0 
2219 	 1917.758911 	 0 
2220 	 1917.345215 	 1 
2221 	 1917.916016 	 0 
2222 	 1917.600342 	 0 
2223 	 1917.338013 	 1 
2224 	 1916.854126 	 2 
2225 	 1917.504639 	 0 
2226 	 1917.664795 	 0 
2227 	 1917.847290 	 0 
2228 	 1917.759155 	 0 
2229 	 1917.810547 	 0 
2230 	 1917.704102 	 0 
2231 	 1917.713745 	 0 
2232 	 1917.702515 	 0 
2233 	 1917.806274 	 0 
2234 	 1917.591797 	 0 
2235 	 1917.901855 	 0 
2236 	 1918.099121 	 0 
2237 	 1917.363403 	 1 
2238 	 1917.567383 	 0 
2239 	 1917.917969 	 0 
2240 	 1917.458740 	 1 
2241 	 1917.878052 	 0 
2242 	 1917.659180 	 0 
2243 	 1917.193359 	 1 
2244 	 1916.626465 	 3 
2245 	 1917.455688 	 1 
2246 	 1917.258911 	 1 
2247 	 1917.479736 	 0 
2248 	 1917.442505 	 0 
2249 	 1917.299194 	 1 
2250 	 1917.293579 	 1 
2251 	 1917.861450 	 0 
2252 	 1917.633545 	 0 
2253 	 1917.015381 	 2 
2254 	 1917.959351 	 0 
2255 	 1917.697754 	 0 
2256 	 1917.740723 	 0 
2257 	 1917.342651 	 1 
2258 	 1917.445190 	 1 
2259 	 1917.779297 	 0 
2260 	 1917.863159 	 0 
2261 	 1917.375000 	 0 
2262 	 1917.427856 	 0 
2263 	 1917.811035 	 0 
2264 	 1917.240845 	 2 
2265 	 1917.851318 	 0 
2266 	 1917.532349 	 1 
2267 	 1917.661621 	 0 
2268 	 1917.346680 	 1 
2269 	 1917.355347 	 1 
2270 	 1917.979492 	 0 
2271 	 1917.772827 	 0 
2272 	 1917.442627 	 1 
2273 	 1917.084595 	 2 
2274 	 1917.673340 	 0 
2275 	 1917.513428 	 1 
2276 	 1917.855225 	 0 
2277 	 1917.702393 	 0 
2278 	 1917.731079 	 0 
2279 	 1918.190552 	 0 
2280 	 1917.583252 	 0 
2281 	 1917.862061 	 0 
2282 	 1917.888550 	 0 
2283 	 1917.513184 	 1 
2284 	 1916.964111 	 2 
2285 	 1917.420044 	 1 
2286 	 1917.911621 	 0 
2287 	 1917.151855 	 1 
2288 	 1917.755005 	 0 
2289 	 1917.511353 	 0 
2290 	 1917.630981 	 0 
2291 	 1917.659302 	 0 
2292 	 1917.703369 	 0 
2293 	 1917.105957 	 1 
2294 	 1917.381836 	 1 
2295 	 1917.364502 	 0 
2296 	 1917.489868 	 0 
2297 	 1917.775757 	 0 
2298 	 1917.887695 	 0 
2299 	 1917.920654 	 0 
2300 	 1917.249878 	 1 
2301 	 1917.707764 	 0 
2302 	 1917.966675 	 0 
2303 	 1917.518188 	 1 
2304 	 1917.783691 	 0 
2305 	 1917.666748 	 0 
2306 	 1917.677002 	 0 
2307 	 1917.730591 	 0 
2308 	 1917.509399 	 0 
2309 	 1917.497925 	 0 
2310 	 1917.497314 	 0 
2311 	 1917.833618 	 0 
2312 	 1917.669312 	 0 
2313 	 1917.762939 	 0 
2314 	 1917.633911 	 1 
2315 	 1917.812622 	 0 
2316 	 1918.060059 	 0 
2317 	 1917.841431 	 0 
2318 	 1917.505005 	 0 
2319 	 1916.875000 	 2 
2320 	 1917.473999 	 1 
2321 	 1916.724854 	 2 
2322 	 1917.724487 	 0 
2323 	 1917.839844 	 0 
2324 	 1917.717651 	 0 
2325 	 1917.784668 	 0 
2326 	 1917.870605 	 0 
2327 	 1917.333008 	 1 
2328 	 1917.854248 	 0 
2329 	 1917.909668 	 0 
2330 	 1917.513184 	 0 
2331 	 1917.975098 	 0 
2332 	 1917.450562 	 1 
2333 	 1917.160156 	 1 
2334 	 1917.431030 	 1 
2335 	 1917.337646 	 1 
2336 	 1917.633667 	 0 
2337 	 1917.442627 	 1 
2338 	 1917.300659 	 1 
2339 	 1917.805176 	 0 
2340 	 1917.348022 	 1 
2341 	 1917.767456 	 0 
2342 	 1917.322998 	 1 
2343 	 1917.565063 	 0 
2344 	 1917.371704 	 1 
2345 	 1917.904297 	 0 
2346 	 1917.326294 	 1 
2347 	 1917.828247 	 0 
2348 	 1917.954834 	 0 
2349 	 1917.650635 	 1 
2350 	 1917.025635 	 2 
2351 	 1917.714233 	 0 
2352 	 1917.280151 	 1 
2353 	 1917.432373 	 1 
2354 	 1917.186646 	 1 
2355 	 1917.835205 	 0 
2356 	 1917.655884 	 0 
2357 	 1917.819092 	 0 
2358 	 1917.872681 	 0 
2359 	 1917.750854 	 0 
2360 	 1917.953613 	 0 
2361 	 1917.852539 	 0 
2362 	 1917.662354 	 0 
2363 	 1917.518433 	 1 
2364 	 1917.875854 	 0 
2365 	 1918.096680 	 0 
2366 	 1917.914795 	 0 
2367 	 1917.459717 	 1 
2368 	 1917.873535 	 0 
2369 	 1917.683105 	 0 
2370 	 1917.025879 	 2 
2371 	 1917.345215 	 1 
2372 	 1917.727417 	 0 
2373 	 1917.643066 	 0 
2374 	 1917.863525 	 0 
2375 	 1917.909424 	 0 
2376 	 1917.832153 	 0 
2377 	 1917.904541 	 0 
2378 	 1917.710571 	 0 
2379 	 1917.843750 	 0 
2380 	 1917.495972 	 1 
2381 	 1917.583618 	 1 
2382 	 1917.637939 	 0 
2383 	 1917.767090 	 0 
2384 	 1917.458130 	 1 
2385 	 1917.051880 	 2 
2386 	 1917.567017 	 1 
2387 	 1917.387695 	 1 
2388 	 1917.458862 	 0 
2389 	 1917.753540 	 0 
2390 	 1916.869873 	 2 
2391 	 1917.337524 	 1 
2392 	 1917.769409 	 0 
2393 	 1917.753906 	 0 
2394 	 1917.832153 	 0 
2395 	 1917.993286 	 0 
2396 	 1917.459473 	 1 
2397 	 1917.398926 	 1 
2398 	 1917.599854 	 0 
2399 	 1917.650635 	 0 
