#Nombre d'essais = 100000, 
#Poids de l'erreur = 4801, 
#Taille d'un bloc = 42, 
#Poids de h = 45. 
0 	 1917.385132 	 1 
1 	 1917.881348 	 0 
2 	 1917.630737 	 0 
3 	 1917.353027 	 1 
4 	 1917.237305 	 2 
5 	 1917.532227 	 1 
6 	 1917.853149 	 0 
7 	 1917.783325 	 0 
8 	 1917.593262 	 0 
9 	 1917.837280 	 0 
10 	 1917.859741 	 0 
11 	 1918.113403 	 0 
12 	 1917.610474 	 0 
13 	 1917.310791 	 1 
14 	 1917.829468 	 0 
15 	 1917.416382 	 1 
16 	 1917.804443 	 0 
17 	 1917.595947 	 0 
18 	 1917.523926 	 0 
19 	 1917.344482 	 1 
20 	 1918.111938 	 0 
21 	 1917.701050 	 0 
22 	 1917.878906 	 0 
23 	 1917.801392 	 0 
24 	 1917.430054 	 1 
25 	 1917.727173 	 1 
26 	 1917.925781 	 0 
27 	 1917.425781 	 0 
28 	 1917.251465 	 1 
29 	 1916.949951 	 1 
30 	 1917.418579 	 0 
31 	 1917.876831 	 0 
32 	 1917.828735 	 0 
33 	 1917.439087 	 1 
34 	 1917.769165 	 0 
35 	 1917.306641 	 1 
36 	 1917.854492 	 0 
37 	 1917.373047 	 1 
38 	 1917.323364 	 1 
39 	 1917.798828 	 0 
40 	 1917.826538 	 0 
41 	 1917.858521 	 0 
42 	 1918.005371 	 0 
43 	 1917.586304 	 0 
44 	 1917.584473 	 0 
45 	 1917.104736 	 1 
46 	 1917.411011 	 1 
47 	 1917.287476 	 1 
48 	 1917.626221 	 0 
49 	 1917.650635 	 0 
50 	 1917.757324 	 0 
51 	 1917.376099 	 2 
52 	 1917.701416 	 0 
53 	 1917.673462 	 0 
54 	 1917.448242 	 1 
55 	 1917.584839 	 1 
56 	 1917.032471 	 2 
57 	 1917.706299 	 0 
58 	 1917.483032 	 0 
59 	 1917.033447 	 2 
60 	 1917.513184 	 1 
61 	 1917.746582 	 0 
62 	 1917.439697 	 1 
63 	 1917.792603 	 0 
64 	 1917.725220 	 0 
65 	 1917.593018 	 0 
66 	 1917.757324 	 0 
67 	 1917.867188 	 0 
68 	 1917.692261 	 0 
69 	 1917.778809 	 0 
70 	 1917.575928 	 0 
71 	 1917.839600 	 0 
72 	 1917.784180 	 0 
73 	 1917.807617 	 0 
74 	 1917.608521 	 0 
75 	 1918.021484 	 0 
76 	 1917.814087 	 0 
77 	 1916.607544 	 2 
78 	 1917.824707 	 0 
79 	 1917.441040 	 1 
80 	 1918.032837 	 0 
81 	 1917.793457 	 1 
82 	 1917.450195 	 0 
83 	 1917.509644 	 0 
84 	 1917.265381 	 1 
85 	 1917.459717 	 1 
86 	 1917.343140 	 1 
87 	 1917.083130 	 1 
88 	 1917.733032 	 0 
89 	 1917.626465 	 1 
90 	 1917.592651 	 0 
91 	 1917.567139 	 1 
92 	 1917.907959 	 0 
93 	 1917.082520 	 2 
94 	 1917.597412 	 1 
95 	 1917.825684 	 0 
96 	 1917.755859 	 0 
97 	 1917.636963 	 0 
98 	 1917.604980 	 0 
99 	 1917.965942 	 0 
100 	 1917.895264 	 0 
101 	 1918.116699 	 0 
102 	 1917.782715 	 0 
103 	 1917.261963 	 1 
104 	 1917.757812 	 0 
105 	 1917.172974 	 1 
106 	 1917.461304 	 1 
107 	 1917.711548 	 0 
108 	 1917.880005 	 0 
109 	 1917.725586 	 0 
110 	 1917.738647 	 1 
111 	 1917.430542 	 1 
112 	 1917.220703 	 1 
113 	 1917.751831 	 0 
114 	 1917.533203 	 0 
115 	 1917.128418 	 1 
116 	 1917.221436 	 1 
117 	 1917.598267 	 0 
118 	 1917.862061 	 0 
119 	 1917.534790 	 1 
120 	 1917.943115 	 0 
121 	 1916.808350 	 2 
122 	 1917.319214 	 1 
123 	 1917.711182 	 0 
124 	 1917.843506 	 0 
125 	 1917.342529 	 1 
126 	 1917.740356 	 0 
127 	 1917.835693 	 0 
128 	 1917.793091 	 0 
129 	 1917.644653 	 0 
130 	 1917.476562 	 0 
131 	 1917.760010 	 0 
132 	 1917.739624 	 0 
133 	 1917.000977 	 2 
134 	 1917.842285 	 0 
135 	 1917.516724 	 1 
136 	 1917.187134 	 1 
137 	 1917.788696 	 0 
138 	 1917.164185 	 1 
139 	 1917.443237 	 1 
140 	 1916.959106 	 2 
141 	 1917.733887 	 0 
142 	 1917.790283 	 0 
143 	 1917.291138 	 1 
144 	 1917.640869 	 0 
145 	 1917.924805 	 0 
146 	 1917.599121 	 0 
147 	 1917.806030 	 0 
148 	 1917.669556 	 0 
149 	 1917.701782 	 0 
150 	 1917.652222 	 0 
151 	 1917.920654 	 0 
152 	 1917.928955 	 0 
153 	 1917.146362 	 1 
154 	 1917.604126 	 0 
155 	 1917.789185 	 0 
156 	 1917.721558 	 0 
157 	 1917.935913 	 0 
158 	 1918.078491 	 0 
159 	 1917.865356 	 0 
160 	 1916.898804 	 2 
161 	 1917.711548 	 0 
162 	 1918.023071 	 0 
163 	 1917.728149 	 0 
164 	 1916.678955 	 3 
165 	 1917.752563 	 0 
166 	 1917.676636 	 0 
167 	 1917.639404 	 0 
168 	 1917.514282 	 0 
169 	 1917.207397 	 1 
170 	 1917.737061 	 0 
171 	 1917.621582 	 0 
172 	 1917.691406 	 0 
173 	 1917.570557 	 1 
174 	 1917.754395 	 0 
175 	 1917.748901 	 0 
176 	 1917.414673 	 1 
177 	 1917.660889 	 0 
178 	 1917.999878 	 0 
179 	 1917.676147 	 0 
180 	 1917.359985 	 1 
181 	 1917.507202 	 0 
182 	 1917.216675 	 1 
183 	 1917.665649 	 0 
184 	 1917.672363 	 0 
185 	 1917.696167 	 1 
186 	 1918.016602 	 0 
187 	 1917.858765 	 0 
188 	 1917.901978 	 0 
189 	 1917.596802 	 0 
190 	 1917.155762 	 2 
191 	 1917.226196 	 1 
192 	 1917.123779 	 1 
193 	 1917.822388 	 0 
194 	 1917.715820 	 0 
195 	 1917.471924 	 1 
196 	 1917.235718 	 2 
197 	 1917.374023 	 1 
198 	 1916.786255 	 2 
199 	 1917.493896 	 1 
200 	 1917.437134 	 1 
201 	 1917.971558 	 0 
202 	 1917.189575 	 1 
203 	 1917.217896 	 1 
204 	 1917.639771 	 0 
205 	 1917.634155 	 0 
206 	 1917.993408 	 0 
207 	 1917.582275 	 0 
208 	 1918.007690 	 0 
209 	 1917.797607 	 0 
210 	 1917.333374 	 1 
211 	 1917.650269 	 0 
212 	 1917.831543 	 0 
213 	 1917.744263 	 0 
214 	 1917.875732 	 0 
215 	 1917.996338 	 0 
216 	 1917.608765 	 1 
217 	 1917.411377 	 0 
218 	 1917.758667 	 0 
219 	 1917.581665 	 0 
220 	 1917.152832 	 1 
221 	 1917.220459 	 0 
222 	 1917.606934 	 0 
223 	 1917.774780 	 0 
224 	 1917.421021 	 1 
225 	 1917.387939 	 1 
226 	 1917.898071 	 0 
227 	 1917.823608 	 0 
228 	 1917.471436 	 1 
229 	 1917.914795 	 0 
230 	 1917.269165 	 1 
231 	 1918.021606 	 0 
232 	 1917.430420 	 1 
233 	 1917.400391 	 1 
234 	 1917.768433 	 0 
235 	 1917.772949 	 0 
236 	 1917.787598 	 0 
237 	 1917.350586 	 1 
238 	 1917.708740 	 0 
239 	 1917.542969 	 0 
240 	 1917.716797 	 0 
241 	 1917.755615 	 0 
242 	 1917.818481 	 0 
243 	 1917.889038 	 0 
244 	 1917.943726 	 0 
245 	 1917.781982 	 0 
246 	 1917.646851 	 0 
247 	 1917.659424 	 0 
248 	 1917.179932 	 1 
249 	 1917.769897 	 0 
250 	 1917.875610 	 0 
251 	 1917.641113 	 1 
252 	 1917.036377 	 2 
253 	 1917.815674 	 0 
254 	 1917.769531 	 0 
255 	 1917.431396 	 1 
256 	 1917.886353 	 0 
257 	 1917.562256 	 1 
258 	 1917.335083 	 1 
259 	 1917.389282 	 1 
260 	 1917.568115 	 0 
261 	 1917.864990 	 0 
262 	 1917.736694 	 0 
263 	 1917.493164 	 1 
264 	 1917.832275 	 0 
265 	 1917.694580 	 0 
266 	 1917.914429 	 0 
267 	 1917.641235 	 0 
268 	 1917.948730 	 0 
269 	 1917.438843 	 0 
270 	 1917.711060 	 0 
271 	 1917.701904 	 0 
272 	 1917.412354 	 1 
273 	 1917.694458 	 0 
274 	 1918.172729 	 0 
275 	 1917.625122 	 0 
276 	 1917.964233 	 0 
277 	 1917.305542 	 1 
278 	 1917.976196 	 0 
279 	 1917.579712 	 0 
280 	 1917.434937 	 0 
281 	 1917.492554 	 0 
282 	 1917.402832 	 1 
283 	 1917.711426 	 0 
284 	 1917.485107 	 1 
285 	 1917.741455 	 0 
286 	 1917.813232 	 0 
287 	 1917.630249 	 0 
288 	 1917.704956 	 0 
289 	 1917.661255 	 0 
290 	 1917.735596 	 0 
291 	 1917.504761 	 1 
292 	 1917.710815 	 0 
293 	 1917.678711 	 0 
294 	 1917.646118 	 0 
295 	 1917.839233 	 0 
296 	 1917.531006 	 1 
297 	 1917.366943 	 1 
298 	 1917.982910 	 0 
299 	 1917.772339 	 0 
300 	 1917.822876 	 0 
301 	 1917.218750 	 1 
302 	 1916.731567 	 2 
303 	 1917.885010 	 0 
304 	 1917.854736 	 0 
305 	 1917.714722 	 0 
306 	 1917.588867 	 0 
307 	 1917.684814 	 0 
308 	 1917.245361 	 1 
309 	 1918.028320 	 0 
310 	 1917.921143 	 0 
311 	 1917.935425 	 0 
312 	 1917.693604 	 0 
313 	 1917.815063 	 0 
314 	 1917.720825 	 0 
315 	 1917.616455 	 0 
316 	 1917.479004 	 1 
317 	 1917.337524 	 1 
318 	 1917.607666 	 0 
319 	 1917.495728 	 1 
320 	 1917.441284 	 0 
321 	 1917.798950 	 0 
322 	 1917.604736 	 1 
323 	 1917.437866 	 0 
324 	 1917.729736 	 0 
325 	 1917.659546 	 0 
326 	 1917.446777 	 1 
327 	 1917.562988 	 0 
328 	 1917.621338 	 0 
329 	 1917.679443 	 0 
330 	 1917.695557 	 0 
331 	 1917.564209 	 0 
332 	 1917.379517 	 1 
333 	 1917.287109 	 1 
334 	 1917.524536 	 1 
335 	 1917.738159 	 0 
336 	 1917.760132 	 0 
337 	 1917.770508 	 0 
338 	 1917.277466 	 1 
339 	 1917.148193 	 2 
340 	 1917.645020 	 0 
341 	 1916.947998 	 2 
342 	 1917.680176 	 0 
343 	 1917.584595 	 0 
344 	 1917.783691 	 0 
345 	 1917.799316 	 0 
346 	 1917.925171 	 0 
347 	 1917.743164 	 0 
348 	 1918.062012 	 0 
349 	 1917.741821 	 0 
350 	 1917.699585 	 1 
351 	 1917.483643 	 0 
352 	 1917.752441 	 0 
353 	 1917.621582 	 0 
354 	 1917.792847 	 0 
355 	 1916.884033 	 2 
356 	 1917.642944 	 0 
357 	 1917.413696 	 1 
358 	 1918.021118 	 0 
359 	 1917.104980 	 1 
360 	 1917.385986 	 0 
361 	 1917.488037 	 0 
362 	 1917.677490 	 0 
363 	 1917.909790 	 0 
364 	 1917.910156 	 0 
365 	 1917.788452 	 0 
366 	 1917.508545 	 0 
367 	 1917.699219 	 0 
368 	 1917.935913 	 0 
369 	 1917.485596 	 1 
370 	 1917.697144 	 0 
371 	 1917.387817 	 1 
372 	 1917.534790 	 1 
373 	 1917.341309 	 1 
374 	 1917.184204 	 2 
375 	 1917.661011 	 0 
376 	 1917.481323 	 0 
377 	 1917.153564 	 2 
378 	 1917.632568 	 0 
379 	 1917.326172 	 1 
380 	 1917.476074 	 1 
381 	 1917.590454 	 0 
382 	 1917.704224 	 0 
383 	 1917.880005 	 0 
384 	 1917.470215 	 1 
385 	 1917.978027 	 0 
386 	 1917.152100 	 2 
387 	 1917.421265 	 1 
388 	 1917.175659 	 1 
389 	 1917.088013 	 2 
390 	 1917.705200 	 0 
391 	 1917.430786 	 1 
392 	 1917.662476 	 0 
393 	 1917.811157 	 0 
394 	 1917.714966 	 0 
395 	 1917.563965 	 1 
396 	 1917.586182 	 0 
397 	 1917.691895 	 0 
398 	 1917.608398 	 0 
399 	 1917.877930 	 0 
400 	 1917.507080 	 0 
401 	 1917.807495 	 0 
402 	 1917.655762 	 0 
403 	 1917.754517 	 0 
404 	 1917.890503 	 0 
405 	 1917.913574 	 0 
406 	 1917.584473 	 0 
407 	 1917.401489 	 1 
408 	 1917.783325 	 0 
409 	 1917.708862 	 0 
410 	 1917.603271 	 0 
411 	 1917.381836 	 1 
412 	 1917.599243 	 1 
413 	 1917.552124 	 1 
414 	 1917.605225 	 0 
415 	 1917.343262 	 1 
416 	 1917.671997 	 0 
417 	 1917.909180 	 0 
418 	 1917.827148 	 0 
419 	 1917.757690 	 0 
420 	 1917.929321 	 0 
421 	 1917.781616 	 0 
422 	 1917.313232 	 1 
423 	 1917.694214 	 0 
424 	 1917.688721 	 0 
425 	 1917.593506 	 0 
426 	 1917.310669 	 1 
427 	 1917.861816 	 0 
428 	 1917.884277 	 0 
429 	 1917.482422 	 1 
430 	 1917.441162 	 0 
431 	 1917.496826 	 0 
432 	 1917.768799 	 0 
433 	 1917.569824 	 0 
434 	 1917.553955 	 1 
435 	 1917.419556 	 1 
436 	 1917.942017 	 0 
437 	 1917.800659 	 0 
438 	 1917.616943 	 0 
439 	 1917.715454 	 0 
440 	 1917.532715 	 1 
441 	 1917.879150 	 0 
442 	 1917.396606 	 1 
443 	 1917.730835 	 0 
444 	 1917.725952 	 0 
445 	 1917.860107 	 0 
446 	 1917.760132 	 0 
447 	 1917.746704 	 0 
448 	 1917.831177 	 0 
449 	 1917.063232 	 1 
450 	 1917.633789 	 0 
451 	 1917.357544 	 1 
452 	 1917.505249 	 1 
453 	 1917.274658 	 1 
454 	 1917.847412 	 0 
455 	 1917.924683 	 0 
456 	 1916.535278 	 3 
457 	 1917.739990 	 0 
458 	 1917.134155 	 1 
459 	 1917.799194 	 0 
460 	 1917.749634 	 1 
461 	 1917.608032 	 0 
462 	 1917.782593 	 0 
463 	 1917.171753 	 2 
464 	 1917.687256 	 0 
465 	 1917.708374 	 0 
466 	 1917.776733 	 0 
467 	 1917.815308 	 0 
468 	 1917.087769 	 2 
469 	 1917.419189 	 1 
470 	 1917.651123 	 0 
471 	 1917.847290 	 0 
472 	 1917.872681 	 0 
473 	 1917.494751 	 1 
474 	 1917.071167 	 2 
475 	 1917.904663 	 0 
476 	 1917.230347 	 1 
477 	 1917.570068 	 0 
478 	 1917.324951 	 2 
479 	 1917.889038 	 0 
480 	 1917.469727 	 1 
481 	 1917.641357 	 0 
482 	 1916.864014 	 2 
483 	 1917.900757 	 0 
484 	 1917.773926 	 0 
485 	 1917.594971 	 0 
486 	 1917.764282 	 0 
487 	 1917.796143 	 0 
488 	 1917.733276 	 0 
489 	 1917.338623 	 1 
490 	 1917.794067 	 0 
491 	 1917.633179 	 0 
492 	 1917.824585 	 0 
493 	 1917.003174 	 2 
494 	 1917.326782 	 1 
495 	 1917.098022 	 2 
496 	 1917.526611 	 1 
497 	 1917.454224 	 1 
498 	 1917.411377 	 1 
499 	 1917.302734 	 1 
500 	 1917.422852 	 1 
501 	 1917.561523 	 0 
502 	 1917.074219 	 1 
503 	 1917.340454 	 1 
504 	 1917.370972 	 1 
505 	 1917.685791 	 0 
506 	 1917.646973 	 0 
507 	 1917.564575 	 0 
508 	 1917.384399 	 0 
509 	 1917.746948 	 0 
510 	 1917.741943 	 0 
511 	 1917.218140 	 1 
512 	 1917.630005 	 0 
513 	 1917.616455 	 0 
514 	 1917.402832 	 1 
515 	 1917.467773 	 1 
516 	 1917.971191 	 0 
517 	 1917.736694 	 0 
518 	 1917.434326 	 1 
519 	 1917.932495 	 0 
520 	 1917.159912 	 2 
521 	 1917.586670 	 0 
522 	 1917.684448 	 0 
523 	 1917.944702 	 0 
524 	 1917.848755 	 0 
525 	 1916.887329 	 2 
526 	 1917.780640 	 0 
527 	 1917.503662 	 1 
528 	 1917.579712 	 1 
529 	 1917.384033 	 1 
530 	 1917.241943 	 1 
531 	 1917.827881 	 0 
532 	 1917.593872 	 0 
533 	 1917.571533 	 1 
534 	 1917.219727 	 1 
535 	 1917.636108 	 0 
536 	 1917.234863 	 1 
537 	 1917.565674 	 0 
538 	 1917.923828 	 0 
539 	 1917.777100 	 0 
540 	 1917.935181 	 0 
541 	 1917.278442 	 1 
542 	 1917.534424 	 0 
543 	 1917.770874 	 0 
544 	 1917.720093 	 0 
545 	 1917.724854 	 0 
546 	 1917.237061 	 1 
547 	 1917.585571 	 0 
548 	 1917.884277 	 0 
549 	 1917.598389 	 0 
550 	 1917.640991 	 1 
551 	 1917.736328 	 0 
552 	 1917.243896 	 1 
553 	 1917.474365 	 0 
554 	 1917.580811 	 0 
555 	 1917.717407 	 0 
556 	 1917.477905 	 0 
557 	 1917.650269 	 0 
558 	 1917.346069 	 1 
559 	 1917.783447 	 0 
560 	 1917.678955 	 0 
561 	 1917.580444 	 1 
562 	 1917.706787 	 0 
563 	 1917.458618 	 1 
564 	 1917.890259 	 0 
565 	 1917.854614 	 0 
566 	 1917.738770 	 0 
567 	 1917.774536 	 0 
568 	 1917.803345 	 0 
569 	 1917.683105 	 0 
570 	 1917.056519 	 1 
571 	 1917.494873 	 0 
572 	 1917.624878 	 1 
573 	 1917.740845 	 0 
574 	 1917.817505 	 0 
575 	 1916.948975 	 2 
576 	 1917.337036 	 1 
577 	 1917.872681 	 0 
578 	 1917.806885 	 0 
579 	 1917.566650 	 0 
580 	 1916.990112 	 2 
581 	 1917.768921 	 0 
582 	 1917.256714 	 1 
583 	 1917.351685 	 1 
584 	 1917.716797 	 0 
585 	 1917.262207 	 1 
586 	 1917.576782 	 1 
587 	 1917.457520 	 1 
588 	 1917.455200 	 0 
589 	 1917.901245 	 0 
590 	 1917.692505 	 0 
591 	 1916.910522 	 1 
592 	 1917.758789 	 0 
593 	 1917.677734 	 0 
594 	 1917.863403 	 0 
595 	 1917.395142 	 1 
596 	 1917.631226 	 0 
597 	 1917.487549 	 1 
598 	 1917.449341 	 0 
599 	 1917.692993 	 0 
600 	 1917.379150 	 1 
601 	 1917.665649 	 0 
602 	 1917.690674 	 0 
603 	 1917.370605 	 1 
604 	 1917.629395 	 1 
605 	 1918.004761 	 0 
606 	 1917.349854 	 1 
607 	 1917.814209 	 0 
608 	 1917.380615 	 1 
609 	 1917.241943 	 1 
610 	 1917.688965 	 0 
611 	 1917.315552 	 1 
612 	 1917.520508 	 0 
613 	 1917.718384 	 0 
614 	 1917.544067 	 0 
615 	 1917.240845 	 1 
616 	 1917.519409 	 1 
617 	 1917.633179 	 0 
618 	 1917.353271 	 1 
619 	 1917.193726 	 1 
620 	 1917.704956 	 0 
621 	 1917.650635 	 0 
622 	 1917.703491 	 0 
623 	 1917.526367 	 1 
624 	 1917.335571 	 1 
625 	 1917.639771 	 0 
626 	 1917.643921 	 0 
627 	 1917.358765 	 0 
628 	 1917.583374 	 0 
629 	 1917.720215 	 0 
630 	 1917.575439 	 0 
631 	 1918.022461 	 0 
632 	 1917.780884 	 0 
633 	 1917.276367 	 1 
634 	 1917.551636 	 0 
635 	 1917.244751 	 1 
636 	 1917.651978 	 0 
637 	 1917.791382 	 0 
638 	 1917.869385 	 0 
639 	 1917.382080 	 1 
640 	 1917.969360 	 0 
641 	 1916.734741 	 3 
642 	 1917.643433 	 1 
643 	 1917.577637 	 0 
644 	 1917.836670 	 0 
645 	 1917.660889 	 0 
646 	 1917.763794 	 0 
647 	 1917.212158 	 1 
648 	 1917.459229 	 1 
649 	 1916.980347 	 1 
650 	 1917.679321 	 0 
651 	 1917.668091 	 0 
652 	 1917.626953 	 1 
653 	 1917.837402 	 0 
654 	 1917.855713 	 0 
655 	 1917.667969 	 0 
656 	 1917.864624 	 0 
657 	 1917.743164 	 0 
658 	 1917.693604 	 0 
659 	 1917.720703 	 0 
660 	 1917.488647 	 1 
661 	 1917.754272 	 1 
662 	 1917.806030 	 0 
663 	 1917.573730 	 0 
664 	 1917.215454 	 1 
665 	 1917.836060 	 0 
666 	 1917.735229 	 0 
667 	 1917.426147 	 1 
668 	 1917.324707 	 0 
669 	 1917.591797 	 0 
670 	 1917.913818 	 0 
671 	 1917.880005 	 0 
672 	 1917.717529 	 0 
673 	 1917.405762 	 1 
674 	 1917.435791 	 1 
675 	 1917.747070 	 1 
676 	 1917.709473 	 0 
677 	 1917.036255 	 1 
678 	 1917.780884 	 0 
679 	 1917.875977 	 0 
680 	 1917.506470 	 1 
681 	 1917.473389 	 1 
682 	 1917.660889 	 0 
683 	 1917.558228 	 0 
684 	 1917.974854 	 0 
685 	 1917.602295 	 1 
686 	 1917.412842 	 1 
687 	 1917.327148 	 1 
688 	 1917.906250 	 0 
689 	 1917.740234 	 0 
690 	 1916.921509 	 2 
691 	 1917.377197 	 1 
692 	 1917.387573 	 1 
693 	 1917.432861 	 1 
694 	 1917.344360 	 1 
695 	 1917.498291 	 0 
696 	 1917.359741 	 1 
697 	 1916.565674 	 3 
698 	 1917.071045 	 2 
699 	 1917.733521 	 0 
700 	 1917.927612 	 0 
701 	 1917.105225 	 1 
702 	 1917.785034 	 0 
703 	 1917.567139 	 0 
704 	 1917.647583 	 0 
705 	 1917.860718 	 0 
706 	 1917.830811 	 0 
707 	 1917.795166 	 0 
708 	 1917.400635 	 1 
709 	 1917.882324 	 0 
710 	 1917.221924 	 1 
711 	 1917.797607 	 0 
712 	 1917.453247 	 0 
713 	 1917.953979 	 0 
714 	 1917.647095 	 0 
715 	 1917.862671 	 0 
716 	 1917.972534 	 0 
717 	 1917.673950 	 0 
718 	 1917.577637 	 0 
719 	 1917.803467 	 0 
720 	 1917.344482 	 1 
721 	 1917.697998 	 0 
722 	 1917.557983 	 0 
723 	 1917.628418 	 0 
724 	 1917.161987 	 1 
725 	 1917.507080 	 1 
726 	 1917.417603 	 1 
727 	 1917.448975 	 1 
728 	 1917.355957 	 1 
729 	 1917.393799 	 1 
730 	 1917.818237 	 0 
731 	 1917.381714 	 1 
732 	 1917.741821 	 0 
733 	 1917.991943 	 0 
734 	 1918.118408 	 0 
735 	 1917.283691 	 1 
736 	 1917.349365 	 1 
737 	 1917.444702 	 1 
738 	 1917.806519 	 0 
739 	 1917.516479 	 0 
740 	 1917.339111 	 1 
741 	 1917.531372 	 0 
742 	 1917.415039 	 0 
743 	 1917.148926 	 1 
744 	 1917.921997 	 0 
745 	 1917.535034 	 1 
746 	 1917.586914 	 0 
747 	 1917.297852 	 1 
748 	 1917.441528 	 1 
749 	 1917.829956 	 0 
750 	 1917.506104 	 0 
751 	 1917.117798 	 1 
752 	 1917.664185 	 0 
753 	 1917.093140 	 1 
754 	 1916.951294 	 1 
755 	 1917.843994 	 0 
756 	 1917.910400 	 0 
757 	 1917.910156 	 0 
758 	 1917.415649 	 1 
759 	 1917.518555 	 0 
760 	 1917.038086 	 1 
761 	 1917.635498 	 0 
762 	 1917.689941 	 0 
763 	 1917.611938 	 0 
764 	 1917.862061 	 0 
765 	 1917.043579 	 2 
766 	 1917.846802 	 0 
767 	 1917.300537 	 1 
768 	 1917.552368 	 0 
769 	 1917.642578 	 0 
770 	 1917.848755 	 0 
771 	 1917.793457 	 0 
772 	 1917.580566 	 0 
773 	 1917.781616 	 0 
774 	 1917.285278 	 0 
775 	 1917.488525 	 0 
776 	 1917.476074 	 1 
777 	 1917.799683 	 0 
778 	 1917.799316 	 0 
779 	 1917.838013 	 0 
780 	 1917.683105 	 0 
781 	 1917.793945 	 0 
782 	 1917.569946 	 0 
783 	 1916.633179 	 3 
784 	 1917.594116 	 0 
785 	 1917.538574 	 0 
786 	 1917.344116 	 1 
787 	 1917.733154 	 0 
788 	 1917.681519 	 0 
789 	 1917.830566 	 0 
790 	 1917.703247 	 0 
791 	 1917.828369 	 0 
792 	 1917.659912 	 0 
793 	 1917.842285 	 0 
794 	 1917.802246 	 0 
795 	 1917.845947 	 0 
796 	 1916.682739 	 2 
797 	 1917.336426 	 0 
798 	 1917.779419 	 0 
799 	 1917.856934 	 0 
800 	 1917.034302 	 2 
801 	 1917.645630 	 0 
802 	 1917.370605 	 1 
803 	 1917.352661 	 1 
804 	 1917.673340 	 0 
805 	 1917.968628 	 0 
806 	 1917.359009 	 1 
807 	 1917.802490 	 0 
808 	 1917.586792 	 0 
809 	 1917.490845 	 1 
810 	 1917.842163 	 0 
811 	 1917.478638 	 1 
812 	 1917.768066 	 0 
813 	 1918.037354 	 0 
814 	 1917.305786 	 0 
815 	 1917.823486 	 0 
816 	 1917.800293 	 0 
817 	 1917.715210 	 0 
818 	 1917.818237 	 0 
819 	 1917.392212 	 1 
820 	 1917.212158 	 1 
821 	 1917.184448 	 1 
822 	 1917.895020 	 0 
823 	 1917.794434 	 0 
824 	 1917.906006 	 0 
825 	 1917.502563 	 0 
826 	 1917.703735 	 0 
827 	 1917.696533 	 0 
828 	 1917.654541 	 0 
829 	 1917.819214 	 0 
830 	 1917.781738 	 0 
831 	 1917.098389 	 1 
832 	 1917.294067 	 1 
833 	 1917.455200 	 1 
834 	 1916.753662 	 2 
835 	 1917.813599 	 0 
836 	 1917.326172 	 0 
837 	 1917.703857 	 0 
838 	 1916.915405 	 2 
839 	 1917.795044 	 0 
840 	 1917.354248 	 1 
841 	 1917.970093 	 0 
842 	 1917.702881 	 0 
843 	 1917.520630 	 1 
844 	 1917.541382 	 1 
845 	 1917.223755 	 1 
846 	 1917.554199 	 0 
847 	 1917.614258 	 0 
848 	 1917.398438 	 1 
849 	 1917.987183 	 0 
850 	 1917.708374 	 0 
851 	 1917.555542 	 0 
852 	 1917.565552 	 1 
853 	 1917.256836 	 1 
854 	 1918.024780 	 0 
855 	 1917.330688 	 1 
856 	 1917.849121 	 0 
857 	 1917.682495 	 0 
858 	 1917.531128 	 0 
859 	 1917.848022 	 0 
860 	 1917.818115 	 0 
861 	 1917.754761 	 0 
862 	 1917.471069 	 0 
863 	 1917.725830 	 0 
864 	 1917.444458 	 1 
865 	 1917.869141 	 0 
866 	 1917.384521 	 1 
867 	 1917.237671 	 1 
868 	 1916.719604 	 2 
869 	 1917.515503 	 1 
870 	 1917.879761 	 0 
871 	 1917.726318 	 0 
872 	 1917.795654 	 0 
873 	 1917.688721 	 1 
874 	 1917.709717 	 0 
875 	 1917.684692 	 0 
876 	 1917.559814 	 0 
877 	 1917.726196 	 0 
878 	 1917.498169 	 1 
879 	 1917.697144 	 0 
880 	 1917.479736 	 1 
881 	 1917.842651 	 0 
882 	 1917.839722 	 0 
883 	 1917.282349 	 1 
884 	 1917.761475 	 0 
885 	 1917.887207 	 0 
886 	 1917.302124 	 1 
887 	 1917.568481 	 0 
888 	 1917.402710 	 1 
889 	 1917.385376 	 1 
890 	 1917.738037 	 0 
891 	 1916.727661 	 2 
892 	 1917.615723 	 0 
893 	 1917.206421 	 1 
894 	 1917.671387 	 0 
895 	 1917.842773 	 0 
896 	 1917.719360 	 0 
897 	 1917.698608 	 0 
898 	 1917.872925 	 0 
899 	 1917.507324 	 0 
900 	 1917.169556 	 2 
901 	 1916.990356 	 2 
902 	 1917.764404 	 0 
903 	 1917.292969 	 1 
904 	 1917.660034 	 0 
905 	 1916.853638 	 2 
906 	 1917.637939 	 0 
907 	 1917.843628 	 0 
908 	 1917.522095 	 0 
909 	 1917.621460 	 0 
910 	 1917.616943 	 0 
911 	 1917.854370 	 0 
912 	 1917.976196 	 0 
913 	 1917.870361 	 0 
914 	 1918.046021 	 0 
915 	 1917.298096 	 1 
916 	 1917.631226 	 0 
917 	 1917.325317 	 1 
918 	 1917.762573 	 0 
919 	 1917.025879 	 1 
920 	 1917.492676 	 1 
921 	 1917.362915 	 1 
922 	 1917.683960 	 0 
923 	 1917.663452 	 0 
924 	 1917.883911 	 0 
925 	 1917.485474 	 0 
926 	 1916.686768 	 2 
927 	 1916.952148 	 2 
928 	 1917.592529 	 0 
929 	 1917.912231 	 0 
930 	 1917.595215 	 0 
931 	 1917.748169 	 0 
932 	 1917.879761 	 0 
933 	 1917.400024 	 1 
934 	 1917.804443 	 0 
935 	 1917.369385 	 0 
936 	 1917.722412 	 0 
937 	 1917.104004 	 2 
938 	 1917.830811 	 0 
939 	 1917.817017 	 0 
940 	 1917.795166 	 0 
941 	 1917.232178 	 1 
942 	 1917.890869 	 0 
943 	 1917.545410 	 1 
944 	 1917.957642 	 0 
945 	 1917.721191 	 0 
946 	 1917.204346 	 1 
947 	 1917.159546 	 2 
948 	 1917.809326 	 0 
949 	 1917.824463 	 0 
950 	 1917.438965 	 1 
951 	 1917.633545 	 0 
952 	 1917.697266 	 0 
953 	 1917.202637 	 1 
954 	 1917.508911 	 0 
955 	 1917.946289 	 0 
956 	 1917.843506 	 0 
957 	 1917.198853 	 2 
958 	 1917.537598 	 1 
959 	 1917.726562 	 0 
960 	 1917.566650 	 1 
961 	 1916.648315 	 3 
962 	 1917.670288 	 0 
963 	 1917.794556 	 0 
964 	 1917.670776 	 0 
965 	 1917.502075 	 0 
966 	 1917.651978 	 0 
967 	 1917.515015 	 0 
968 	 1917.757935 	 0 
969 	 1917.746948 	 0 
970 	 1917.861816 	 0 
971 	 1917.799561 	 0 
972 	 1917.157227 	 1 
973 	 1917.673828 	 1 
974 	 1917.493164 	 0 
975 	 1917.548462 	 1 
976 	 1917.468506 	 1 
977 	 1917.508911 	 0 
978 	 1917.904297 	 0 
979 	 1917.356934 	 1 
980 	 1917.648560 	 0 
981 	 1917.491089 	 0 
982 	 1917.458984 	 1 
983 	 1917.210205 	 1 
984 	 1917.407227 	 1 
985 	 1917.642944 	 0 
986 	 1917.550903 	 1 
987 	 1917.029663 	 2 
988 	 1917.437378 	 0 
989 	 1916.885620 	 2 
990 	 1917.446777 	 0 
991 	 1917.668579 	 1 
992 	 1917.690308 	 0 
993 	 1917.503052 	 1 
994 	 1917.841309 	 0 
995 	 1917.427002 	 1 
996 	 1918.048828 	 0 
997 	 1917.783569 	 0 
998 	 1917.871094 	 0 
999 	 1917.213745 	 1 
1000 	 1917.417725 	 1 
1001 	 1917.852783 	 0 
1002 	 1917.616577 	 0 
1003 	 1917.636963 	 1 
1004 	 1917.898315 	 0 
1005 	 1917.455811 	 0 
1006 	 1917.750977 	 0 
1007 	 1917.539062 	 1 
1008 	 1917.607910 	 0 
1009 	 1917.706177 	 0 
1010 	 1917.579102 	 0 
1011 	 1917.759277 	 0 
1012 	 1917.471436 	 0 
1013 	 1917.893066 	 0 
1014 	 1917.681152 	 0 
1015 	 1917.806152 	 0 
1016 	 1917.633179 	 0 
1017 	 1917.893921 	 0 
1018 	 1917.237305 	 1 
1019 	 1917.358765 	 1 
1020 	 1917.690674 	 0 
1021 	 1917.550903 	 1 
1022 	 1917.579346 	 0 
1023 	 1917.905029 	 0 
1024 	 1917.716675 	 0 
1025 	 1917.571289 	 0 
1026 	 1917.666260 	 0 
1027 	 1917.294434 	 1 
1028 	 1917.938354 	 0 
1029 	 1917.513184 	 0 
1030 	 1917.288330 	 1 
1031 	 1917.672607 	 0 
1032 	 1917.233154 	 1 
1033 	 1917.740479 	 0 
1034 	 1917.724731 	 0 
1035 	 1917.725708 	 0 
1036 	 1917.639526 	 0 
1037 	 1917.319824 	 1 
1038 	 1917.368164 	 0 
1039 	 1917.314453 	 1 
1040 	 1917.949219 	 0 
1041 	 1917.773804 	 0 
1042 	 1917.791870 	 0 
1043 	 1917.744751 	 0 
1044 	 1917.599854 	 0 
1045 	 1917.781128 	 0 
1046 	 1918.035767 	 0 
1047 	 1917.623291 	 0 
1048 	 1917.646240 	 0 
1049 	 1917.797485 	 0 
1050 	 1917.764648 	 0 
1051 	 1917.651367 	 0 
1052 	 1917.863403 	 0 
1053 	 1917.462402 	 1 
1054 	 1917.448730 	 1 
1055 	 1917.805786 	 0 
1056 	 1917.779053 	 0 
1057 	 1917.387939 	 1 
1058 	 1917.854858 	 0 
1059 	 1918.153320 	 0 
1060 	 1917.686768 	 0 
1061 	 1917.639282 	 0 
1062 	 1917.867310 	 0 
1063 	 1917.855957 	 0 
1064 	 1917.648315 	 0 
1065 	 1917.282349 	 1 
1066 	 1917.405518 	 1 
1067 	 1917.428223 	 1 
1068 	 1917.320923 	 1 
1069 	 1917.254761 	 1 
1070 	 1917.086914 	 2 
1071 	 1917.391357 	 1 
1072 	 1917.789062 	 0 
1073 	 1917.282227 	 1 
1074 	 1917.780640 	 0 
1075 	 1917.596680 	 1 
1076 	 1917.756592 	 0 
1077 	 1917.479248 	 1 
1078 	 1917.792725 	 0 
1079 	 1917.470215 	 1 
1080 	 1917.341064 	 1 
1081 	 1916.973877 	 1 
1082 	 1917.715942 	 0 
1083 	 1916.921753 	 2 
1084 	 1917.502563 	 1 
1085 	 1917.581909 	 0 
1086 	 1917.119019 	 1 
1087 	 1917.135742 	 2 
1088 	 1917.531616 	 0 
1089 	 1917.936279 	 0 
1090 	 1917.432983 	 0 
1091 	 1917.593628 	 0 
1092 	 1917.423340 	 1 
1093 	 1917.460083 	 0 
1094 	 1917.659058 	 0 
1095 	 1917.682617 	 0 
1096 	 1917.729370 	 0 
1097 	 1917.648926 	 0 
1098 	 1916.482422 	 3 
1099 	 1917.762695 	 0 
1100 	 1917.774536 	 0 
1101 	 1917.675293 	 0 
1102 	 1917.313721 	 1 
1103 	 1917.721924 	 0 
1104 	 1917.813477 	 0 
1105 	 1917.139771 	 1 
1106 	 1917.495117 	 1 
1107 	 1917.846802 	 0 
1108 	 1917.800781 	 0 
1109 	 1917.884521 	 0 
1110 	 1917.381592 	 1 
1111 	 1917.791016 	 0 
1112 	 1917.490356 	 1 
1113 	 1917.964600 	 0 
1114 	 1917.229858 	 1 
1115 	 1917.567505 	 0 
1116 	 1917.500977 	 1 
1117 	 1917.312134 	 1 
1118 	 1917.152588 	 1 
1119 	 1917.707520 	 0 
1120 	 1917.658203 	 0 
1121 	 1917.359253 	 1 
1122 	 1917.713379 	 0 
1123 	 1917.201050 	 1 
1124 	 1917.762207 	 0 
1125 	 1917.878906 	 0 
1126 	 1916.993774 	 2 
1127 	 1917.254028 	 1 
1128 	 1917.704712 	 1 
1129 	 1917.789917 	 0 
1130 	 1917.667480 	 0 
1131 	 1917.315796 	 1 
1132 	 1917.709106 	 0 
1133 	 1917.559814 	 0 
1134 	 1917.166870 	 1 
1135 	 1917.705078 	 0 
1136 	 1917.844360 	 0 
1137 	 1917.883057 	 0 
1138 	 1917.397095 	 1 
1139 	 1917.553711 	 0 
1140 	 1917.361450 	 1 
1141 	 1917.674561 	 0 
1142 	 1917.860962 	 0 
1143 	 1918.039917 	 0 
1144 	 1916.727905 	 3 
1145 	 1917.919922 	 0 
1146 	 1917.592529 	 0 
1147 	 1917.591553 	 0 
1148 	 1917.749634 	 0 
1149 	 1917.649292 	 0 
1150 	 1917.813477 	 0 
1151 	 1917.403931 	 1 
1152 	 1917.878418 	 0 
1153 	 1917.480591 	 1 
1154 	 1917.737671 	 0 
1155 	 1917.755859 	 0 
1156 	 1917.577759 	 0 
1157 	 1917.826782 	 0 
1158 	 1917.163330 	 1 
1159 	 1917.561768 	 0 
1160 	 1917.237549 	 1 
1161 	 1917.499512 	 1 
1162 	 1917.597290 	 0 
1163 	 1917.734863 	 0 
1164 	 1917.627808 	 0 
1165 	 1917.568359 	 1 
1166 	 1917.714111 	 0 
1167 	 1917.731934 	 0 
1168 	 1917.144043 	 1 
1169 	 1917.708496 	 0 
1170 	 1916.944214 	 2 
1171 	 1917.013062 	 2 
1172 	 1917.193481 	 1 
1173 	 1917.315918 	 1 
1174 	 1917.715698 	 0 
1175 	 1917.104492 	 1 
1176 	 1917.335449 	 1 
1177 	 1917.999878 	 0 
1178 	 1917.296021 	 1 
1179 	 1917.674805 	 0 
1180 	 1917.487183 	 1 
1181 	 1917.742065 	 0 
1182 	 1917.617065 	 0 
1183 	 1917.673340 	 0 
1184 	 1917.865234 	 0 
1185 	 1917.839233 	 0 
1186 	 1917.413208 	 1 
1187 	 1917.690308 	 0 
1188 	 1917.725098 	 0 
1189 	 1917.428101 	 0 
1190 	 1917.692383 	 1 
1191 	 1917.365967 	 1 
1192 	 1917.425659 	 1 
1193 	 1917.941772 	 0 
1194 	 1917.276489 	 1 
1195 	 1917.310547 	 1 
1196 	 1917.589233 	 0 
1197 	 1917.167725 	 1 
1198 	 1917.499268 	 0 
1199 	 1917.925415 	 0 
1200 	 1917.850464 	 0 
1201 	 1917.481445 	 1 
1202 	 1917.570679 	 0 
1203 	 1917.876953 	 0 
1204 	 1917.776245 	 0 
1205 	 1917.688965 	 0 
1206 	 1917.790527 	 0 
1207 	 1917.910767 	 0 
1208 	 1917.581909 	 0 
1209 	 1917.686279 	 0 
1210 	 1917.541260 	 0 
1211 	 1917.290283 	 1 
1212 	 1917.436890 	 1 
1213 	 1917.643799 	 0 
1214 	 1917.486938 	 0 
1215 	 1917.694946 	 0 
1216 	 1917.399658 	 0 
1217 	 1917.263794 	 1 
1218 	 1917.213989 	 2 
1219 	 1917.860840 	 0 
1220 	 1917.889893 	 0 
1221 	 1917.741943 	 0 
1222 	 1916.922485 	 3 
1223 	 1917.007812 	 2 
1224 	 1917.363525 	 1 
1225 	 1917.821777 	 0 
1226 	 1917.520020 	 0 
1227 	 1917.824707 	 0 
1228 	 1917.216797 	 1 
1229 	 1917.489624 	 0 
1230 	 1917.644531 	 0 
1231 	 1917.920532 	 0 
1232 	 1917.571533 	 0 
1233 	 1917.769531 	 0 
1234 	 1917.776245 	 0 
1235 	 1917.536255 	 0 
1236 	 1917.598877 	 0 
1237 	 1917.685913 	 0 
1238 	 1917.856201 	 0 
1239 	 1918.000366 	 0 
1240 	 1917.309814 	 1 
1241 	 1917.690674 	 0 
1242 	 1917.701782 	 0 
1243 	 1917.721558 	 0 
1244 	 1917.611328 	 0 
1245 	 1917.396851 	 1 
1246 	 1917.614990 	 0 
1247 	 1917.731934 	 0 
1248 	 1917.451172 	 0 
1249 	 1917.989502 	 0 
1250 	 1917.752197 	 0 
1251 	 1917.605957 	 0 
1252 	 1917.859985 	 0 
1253 	 1917.632202 	 0 
1254 	 1917.624268 	 0 
1255 	 1917.816772 	 0 
1256 	 1917.259399 	 1 
1257 	 1917.632812 	 1 
1258 	 1917.649170 	 0 
1259 	 1917.165527 	 1 
1260 	 1917.006226 	 2 
1261 	 1917.074829 	 2 
1262 	 1917.680298 	 0 
1263 	 1918.000000 	 0 
1264 	 1917.483643 	 1 
1265 	 1917.530518 	 0 
1266 	 1917.765991 	 0 
1267 	 1917.483276 	 0 
1268 	 1917.256714 	 1 
1269 	 1917.671021 	 0 
1270 	 1917.594971 	 0 
1271 	 1917.646484 	 0 
1272 	 1917.815918 	 0 
1273 	 1917.109253 	 1 
1274 	 1917.430786 	 1 
1275 	 1917.289551 	 1 
1276 	 1917.676270 	 0 
1277 	 1917.458374 	 1 
1278 	 1917.649048 	 1 
1279 	 1917.555908 	 1 
1280 	 1917.838745 	 0 
1281 	 1917.499023 	 1 
1282 	 1917.920288 	 0 
1283 	 1918.153564 	 0 
1284 	 1917.613892 	 0 
1285 	 1917.608032 	 0 
1286 	 1917.495605 	 0 
1287 	 1917.777954 	 0 
1288 	 1917.776978 	 0 
1289 	 1917.700806 	 0 
1290 	 1917.944336 	 0 
1291 	 1917.916626 	 0 
1292 	 1917.803955 	 0 
1293 	 1917.490967 	 1 
1294 	 1917.416870 	 1 
1295 	 1917.304321 	 1 
1296 	 1917.952515 	 0 
1297 	 1917.665771 	 0 
1298 	 1917.395020 	 1 
1299 	 1917.922607 	 0 
1300 	 1917.894775 	 0 
1301 	 1917.884033 	 0 
1302 	 1917.375488 	 1 
1303 	 1917.688354 	 0 
1304 	 1917.226196 	 1 
1305 	 1917.432739 	 1 
1306 	 1917.580933 	 0 
1307 	 1917.754272 	 0 
1308 	 1917.559326 	 0 
1309 	 1916.779541 	 3 
1310 	 1917.985840 	 0 
1311 	 1917.845459 	 0 
1312 	 1917.740356 	 0 
1313 	 1917.054810 	 1 
1314 	 1917.302612 	 1 
1315 	 1917.591553 	 0 
1316 	 1917.239624 	 1 
1317 	 1917.670898 	 1 
1318 	 1917.560181 	 0 
1319 	 1917.879883 	 0 
1320 	 1917.609741 	 0 
1321 	 1917.202759 	 1 
1322 	 1917.757446 	 0 
1323 	 1917.883789 	 0 
1324 	 1917.499268 	 1 
1325 	 1917.097900 	 2 
1326 	 1917.578125 	 0 
1327 	 1917.266724 	 1 
1328 	 1917.502563 	 0 
1329 	 1917.183105 	 1 
1330 	 1917.447632 	 1 
1331 	 1917.875122 	 0 
1332 	 1917.803467 	 0 
1333 	 1917.478638 	 1 
1334 	 1917.728638 	 0 
1335 	 1916.866333 	 2 
1336 	 1917.823364 	 0 
1337 	 1917.735107 	 0 
1338 	 1917.567017 	 0 
1339 	 1917.247070 	 2 
1340 	 1917.449097 	 1 
1341 	 1917.428833 	 1 
1342 	 1917.919678 	 0 
1343 	 1917.629395 	 1 
1344 	 1917.387451 	 0 
1345 	 1917.261475 	 1 
1346 	 1917.540405 	 0 
1347 	 1917.679688 	 0 
1348 	 1917.369507 	 1 
1349 	 1917.786133 	 0 
1350 	 1917.725830 	 0 
1351 	 1917.408325 	 1 
1352 	 1917.738892 	 0 
1353 	 1917.651367 	 0 
1354 	 1917.732056 	 0 
1355 	 1917.992188 	 0 
1356 	 1917.704346 	 0 
1357 	 1917.632324 	 0 
1358 	 1917.520752 	 0 
1359 	 1918.033569 	 0 
1360 	 1917.457520 	 0 
1361 	 1917.533447 	 0 
1362 	 1917.495117 	 1 
1363 	 1917.803955 	 0 
1364 	 1917.530884 	 1 
1365 	 1917.630005 	 0 
1366 	 1917.737915 	 0 
1367 	 1917.484985 	 0 
1368 	 1918.036499 	 0 
1369 	 1917.230469 	 1 
1370 	 1917.780884 	 0 
1371 	 1917.633301 	 0 
1372 	 1917.456787 	 1 
1373 	 1917.511963 	 0 
1374 	 1917.256714 	 1 
1375 	 1917.546387 	 0 
1376 	 1917.367676 	 0 
1377 	 1917.531860 	 1 
1378 	 1917.691284 	 0 
1379 	 1917.872437 	 0 
1380 	 1918.005371 	 0 
1381 	 1917.888916 	 0 
1382 	 1917.769287 	 0 
1383 	 1917.733521 	 0 
1384 	 1917.772217 	 0 
1385 	 1917.056152 	 1 
1386 	 1917.946899 	 0 
1387 	 1917.426758 	 1 
1388 	 1917.672852 	 0 
1389 	 1917.875488 	 0 
1390 	 1917.527100 	 1 
1391 	 1917.483887 	 0 
1392 	 1917.705933 	 0 
1393 	 1917.694336 	 0 
1394 	 1917.438477 	 1 
1395 	 1917.626831 	 0 
1396 	 1917.138062 	 2 
1397 	 1917.666138 	 0 
1398 	 1917.844482 	 0 
1399 	 1917.712646 	 0 
1400 	 1917.735596 	 0 
1401 	 1917.775024 	 0 
1402 	 1917.484497 	 1 
1403 	 1917.387085 	 1 
1404 	 1917.337036 	 1 
1405 	 1917.720093 	 0 
1406 	 1918.189819 	 0 
1407 	 1917.405029 	 1 
1408 	 1917.492920 	 1 
1409 	 1917.920166 	 0 
1410 	 1917.744507 	 0 
1411 	 1917.157959 	 1 
1412 	 1917.483276 	 0 
1413 	 1917.627197 	 0 
1414 	 1917.733643 	 0 
1415 	 1917.604980 	 0 
1416 	 1917.749634 	 0 
1417 	 1917.188965 	 1 
1418 	 1917.871582 	 0 
1419 	 1918.081421 	 0 
1420 	 1917.681396 	 0 
1421 	 1917.554810 	 1 
1422 	 1917.875488 	 0 
1423 	 1917.663696 	 0 
1424 	 1917.985962 	 0 
1425 	 1917.352417 	 1 
1426 	 1916.687378 	 3 
1427 	 1917.704468 	 0 
1428 	 1917.813965 	 0 
1429 	 1917.161743 	 2 
1430 	 1917.587891 	 1 
1431 	 1917.848877 	 0 
1432 	 1917.208008 	 1 
1433 	 1917.594604 	 0 
1434 	 1918.061401 	 0 
1435 	 1917.614136 	 0 
1436 	 1917.223999 	 1 
1437 	 1917.765625 	 0 
1438 	 1917.693604 	 0 
1439 	 1917.528809 	 0 
1440 	 1917.439819 	 1 
1441 	 1917.614014 	 0 
1442 	 1917.273193 	 1 
1443 	 1917.648560 	 0 
1444 	 1917.659546 	 0 
1445 	 1917.698120 	 0 
1446 	 1917.665405 	 0 
1447 	 1918.030151 	 0 
1448 	 1917.474487 	 1 
1449 	 1917.654541 	 0 
1450 	 1917.484131 	 0 
1451 	 1917.560669 	 0 
1452 	 1917.834839 	 0 
1453 	 1917.367920 	 1 
1454 	 1917.527832 	 1 
1455 	 1917.923340 	 0 
1456 	 1916.994385 	 2 
1457 	 1917.533081 	 1 
1458 	 1917.261108 	 1 
1459 	 1917.134521 	 1 
1460 	 1917.840210 	 0 
1461 	 1917.608765 	 0 
1462 	 1917.472168 	 1 
1463 	 1917.616943 	 0 
1464 	 1917.359985 	 1 
1465 	 1917.655884 	 0 
1466 	 1917.966553 	 0 
1467 	 1917.659302 	 0 
1468 	 1916.963501 	 1 
1469 	 1917.407471 	 0 
1470 	 1917.278931 	 1 
1471 	 1917.794678 	 0 
1472 	 1917.742554 	 0 
1473 	 1917.829956 	 0 
1474 	 1916.899414 	 2 
1475 	 1918.072388 	 0 
1476 	 1917.464722 	 1 
1477 	 1917.433105 	 0 
1478 	 1917.722900 	 0 
1479 	 1917.536621 	 0 
1480 	 1917.353027 	 1 
1481 	 1917.463013 	 1 
1482 	 1917.216553 	 1 
1483 	 1917.567261 	 0 
1484 	 1917.221924 	 1 
1485 	 1917.732300 	 0 
1486 	 1917.398560 	 1 
1487 	 1917.454834 	 1 
1488 	 1917.412109 	 0 
1489 	 1917.584351 	 0 
1490 	 1917.836792 	 0 
1491 	 1918.041260 	 0 
1492 	 1917.485352 	 0 
1493 	 1917.768311 	 0 
1494 	 1917.589111 	 1 
1495 	 1917.796753 	 0 
1496 	 1917.791138 	 0 
1497 	 1917.912598 	 0 
1498 	 1917.972046 	 0 
1499 	 1917.857178 	 0 
1500 	 1917.691895 	 0 
1501 	 1917.589233 	 0 
1502 	 1917.185059 	 1 
1503 	 1917.761719 	 0 
1504 	 1917.864624 	 0 
1505 	 1917.811035 	 0 
1506 	 1917.973999 	 0 
1507 	 1917.798828 	 0 
1508 	 1917.816162 	 0 
1509 	 1917.678833 	 0 
1510 	 1917.568359 	 0 
1511 	 1917.798218 	 0 
1512 	 1917.849609 	 0 
1513 	 1917.548950 	 1 
1514 	 1917.238892 	 1 
1515 	 1917.726807 	 0 
1516 	 1917.390137 	 1 
1517 	 1917.540405 	 0 
1518 	 1917.415771 	 1 
1519 	 1917.356689 	 1 
1520 	 1917.226074 	 1 
1521 	 1917.416260 	 1 
1522 	 1916.932739 	 1 
1523 	 1917.786865 	 0 
1524 	 1917.313354 	 1 
1525 	 1917.147217 	 1 
1526 	 1917.404785 	 1 
1527 	 1917.470825 	 0 
1528 	 1917.493774 	 0 
1529 	 1917.735596 	 0 
1530 	 1917.610352 	 0 
1531 	 1917.710327 	 0 
1532 	 1917.923462 	 0 
1533 	 1917.733032 	 0 
1534 	 1917.319214 	 1 
1535 	 1917.922485 	 0 
1536 	 1917.738037 	 0 
1537 	 1917.798706 	 0 
1538 	 1917.577515 	 0 
1539 	 1917.598755 	 0 
1540 	 1917.322632 	 1 
1541 	 1918.095459 	 0 
1542 	 1917.616699 	 1 
1543 	 1917.639893 	 0 
1544 	 1917.353149 	 0 
1545 	 1917.960815 	 0 
1546 	 1917.777222 	 0 
1547 	 1917.796265 	 0 
1548 	 1917.450195 	 1 
1549 	 1917.622437 	 0 
1550 	 1917.711182 	 0 
1551 	 1917.420288 	 1 
1552 	 1917.534546 	 1 
1553 	 1917.866089 	 0 
1554 	 1917.781250 	 0 
1555 	 1917.735352 	 0 
1556 	 1917.855591 	 0 
1557 	 1917.210327 	 1 
1558 	 1917.692139 	 0 
1559 	 1917.979980 	 0 
1560 	 1917.846436 	 0 
1561 	 1917.193237 	 1 
1562 	 1917.141479 	 2 
1563 	 1917.407837 	 0 
1564 	 1917.602783 	 0 
1565 	 1917.292725 	 1 
1566 	 1917.468140 	 1 
1567 	 1917.177368 	 1 
1568 	 1917.872070 	 0 
1569 	 1917.172729 	 1 
1570 	 1917.791382 	 0 
1571 	 1917.962402 	 0 
1572 	 1917.744019 	 0 
1573 	 1917.898071 	 0 
1574 	 1917.921387 	 0 
1575 	 1917.519165 	 0 
1576 	 1917.448853 	 0 
1577 	 1917.282349 	 1 
1578 	 1917.551392 	 1 
1579 	 1917.974976 	 0 
1580 	 1917.578491 	 0 
1581 	 1917.645020 	 0 
1582 	 1917.409424 	 1 
1583 	 1917.975220 	 0 
1584 	 1917.900879 	 0 
1585 	 1917.871582 	 0 
1586 	 1917.909424 	 0 
1587 	 1917.400391 	 0 
1588 	 1917.751953 	 0 
1589 	 1917.692383 	 0 
1590 	 1917.583130 	 0 
1591 	 1917.279541 	 1 
1592 	 1917.637207 	 1 
1593 	 1917.615601 	 0 
1594 	 1916.989258 	 1 
1595 	 1917.346069 	 1 
1596 	 1917.552979 	 1 
1597 	 1917.437378 	 1 
1598 	 1917.567505 	 0 
1599 	 1917.634644 	 0 
1600 	 1917.291382 	 1 
1601 	 1917.629028 	 1 
1602 	 1917.520386 	 1 
1603 	 1917.179077 	 2 
1604 	 1917.660645 	 0 
1605 	 1917.677002 	 0 
1606 	 1917.659668 	 0 
1607 	 1917.767334 	 0 
1608 	 1916.904785 	 1 
1609 	 1917.535278 	 0 
1610 	 1917.484619 	 1 
1611 	 1917.637939 	 0 
1612 	 1917.823120 	 0 
1613 	 1917.556763 	 0 
1614 	 1917.800049 	 0 
1615 	 1918.028198 	 0 
1616 	 1917.568359 	 0 
1617 	 1917.859985 	 0 
1618 	 1917.525635 	 1 
1619 	 1917.770874 	 0 
1620 	 1917.993408 	 0 
1621 	 1917.786255 	 0 
1622 	 1917.672119 	 0 
1623 	 1918.022949 	 0 
1624 	 1917.925049 	 0 
1625 	 1917.770752 	 0 
1626 	 1917.649536 	 0 
1627 	 1917.472900 	 1 
1628 	 1917.600464 	 1 
1629 	 1917.801025 	 0 
1630 	 1917.768433 	 0 
1631 	 1917.840332 	 0 
1632 	 1917.708252 	 0 
1633 	 1917.741699 	 0 
1634 	 1917.303833 	 1 
1635 	 1917.531982 	 1 
1636 	 1917.610962 	 0 
1637 	 1917.535645 	 0 
1638 	 1917.717285 	 0 
1639 	 1917.862793 	 0 
1640 	 1917.710815 	 0 
1641 	 1917.757690 	 0 
1642 	 1917.651611 	 0 
1643 	 1917.860962 	 0 
1644 	 1917.816406 	 0 
1645 	 1917.266113 	 1 
1646 	 1917.896484 	 0 
1647 	 1917.443970 	 1 
1648 	 1917.842529 	 0 
1649 	 1917.281494 	 1 
1650 	 1917.518677 	 0 
1651 	 1917.352173 	 1 
1652 	 1917.265137 	 2 
1653 	 1917.627075 	 0 
1654 	 1917.495361 	 1 
1655 	 1916.921753 	 2 
1656 	 1917.142212 	 2 
1657 	 1917.240112 	 1 
1658 	 1918.052368 	 0 
1659 	 1917.920288 	 0 
1660 	 1917.604858 	 0 
1661 	 1917.910034 	 0 
1662 	 1917.631714 	 0 
1663 	 1917.371704 	 1 
1664 	 1917.669678 	 0 
1665 	 1916.875488 	 2 
1666 	 1917.861694 	 0 
1667 	 1917.315308 	 1 
1668 	 1917.561523 	 0 
1669 	 1917.618408 	 0 
1670 	 1917.683350 	 0 
1671 	 1917.848022 	 0 
1672 	 1917.697754 	 0 
1673 	 1917.556519 	 0 
1674 	 1917.417725 	 1 
1675 	 1917.449463 	 1 
1676 	 1917.798340 	 0 
1677 	 1917.529663 	 0 
1678 	 1917.728149 	 0 
1679 	 1917.490723 	 1 
1680 	 1917.804077 	 0 
1681 	 1916.895752 	 2 
1682 	 1917.463623 	 1 
1683 	 1917.585815 	 0 
1684 	 1917.744995 	 0 
1685 	 1917.243896 	 1 
1686 	 1917.699463 	 1 
1687 	 1916.832764 	 3 
1688 	 1917.548462 	 1 
1689 	 1917.871948 	 0 
1690 	 1917.567017 	 1 
1691 	 1917.295410 	 1 
1692 	 1917.635132 	 0 
1693 	 1917.766357 	 0 
1694 	 1917.568970 	 0 
1695 	 1917.752075 	 0 
1696 	 1917.897461 	 0 
1697 	 1917.321045 	 1 
1698 	 1917.897827 	 0 
1699 	 1917.911865 	 0 
1700 	 1917.879517 	 0 
1701 	 1917.648682 	 0 
1702 	 1917.988525 	 0 
1703 	 1917.832153 	 0 
1704 	 1917.630859 	 0 
1705 	 1917.825073 	 0 
1706 	 1917.929077 	 0 
1707 	 1917.682007 	 0 
1708 	 1917.535400 	 0 
1709 	 1918.008911 	 0 
1710 	 1917.620239 	 0 
1711 	 1917.650757 	 0 
1712 	 1917.016235 	 2 
1713 	 1917.288940 	 2 
1714 	 1917.379272 	 1 
1715 	 1917.774292 	 0 
1716 	 1917.721069 	 0 
1717 	 1916.390625 	 4 
1718 	 1917.608887 	 0 
1719 	 1917.719727 	 0 
1720 	 1917.609497 	 0 
1721 	 1917.265015 	 1 
1722 	 1917.356934 	 1 
1723 	 1917.687134 	 0 
1724 	 1917.654175 	 0 
1725 	 1917.353760 	 1 
1726 	 1917.920898 	 0 
1727 	 1917.746826 	 0 
1728 	 1917.674561 	 0 
1729 	 1917.663208 	 0 
1730 	 1917.986816 	 0 
1731 	 1917.742554 	 0 
1732 	 1918.014526 	 0 
1733 	 1917.900391 	 0 
1734 	 1917.398804 	 1 
1735 	 1917.837402 	 0 
1736 	 1917.294678 	 1 
1737 	 1917.573364 	 0 
1738 	 1917.135254 	 1 
1739 	 1917.593872 	 0 
1740 	 1917.705688 	 0 
1741 	 1917.666870 	 0 
1742 	 1917.812622 	 0 
1743 	 1918.014893 	 0 
1744 	 1917.727783 	 0 
1745 	 1917.790039 	 0 
1746 	 1917.686035 	 0 
1747 	 1916.936768 	 2 
1748 	 1917.507080 	 1 
1749 	 1917.957397 	 0 
1750 	 1917.552368 	 0 
1751 	 1917.654419 	 0 
1752 	 1917.724731 	 0 
1753 	 1917.696411 	 0 
1754 	 1917.951172 	 0 
1755 	 1917.670044 	 0 
1756 	 1917.051025 	 2 
1757 	 1917.556274 	 0 
1758 	 1917.964600 	 0 
1759 	 1917.372803 	 1 
1760 	 1917.498657 	 0 
1761 	 1917.433228 	 1 
1762 	 1917.652466 	 0 
1763 	 1917.508057 	 0 
1764 	 1917.881104 	 0 
1765 	 1918.015747 	 0 
1766 	 1917.704224 	 0 
1767 	 1917.706055 	 0 
1768 	 1917.052979 	 1 
1769 	 1917.527710 	 1 
1770 	 1917.828613 	 0 
1771 	 1917.679321 	 0 
1772 	 1917.459473 	 1 
1773 	 1917.328735 	 1 
1774 	 1917.397217 	 1 
1775 	 1917.617310 	 0 
1776 	 1917.252930 	 1 
1777 	 1917.273071 	 1 
1778 	 1917.098145 	 1 
1779 	 1917.964111 	 0 
1780 	 1917.296387 	 1 
1781 	 1917.619751 	 0 
1782 	 1917.443726 	 1 
1783 	 1917.867920 	 0 
1784 	 1917.224976 	 1 
1785 	 1917.679077 	 0 
1786 	 1917.105591 	 1 
1787 	 1917.847168 	 0 
1788 	 1917.835571 	 0 
1789 	 1917.634155 	 0 
1790 	 1917.571167 	 0 
1791 	 1917.424561 	 1 
1792 	 1917.498657 	 1 
1793 	 1917.694702 	 0 
1794 	 1917.166992 	 2 
1795 	 1917.826782 	 0 
1796 	 1917.543945 	 1 
1797 	 1917.879761 	 0 
1798 	 1917.671021 	 0 
1799 	 1917.146851 	 2 
1800 	 1917.741943 	 0 
1801 	 1917.602661 	 0 
1802 	 1917.415039 	 1 
1803 	 1917.549683 	 1 
1804 	 1917.323730 	 1 
1805 	 1917.706787 	 0 
1806 	 1917.990479 	 0 
1807 	 1917.290283 	 1 
1808 	 1917.747803 	 1 
1809 	 1917.622192 	 0 
1810 	 1916.984497 	 2 
1811 	 1917.589478 	 0 
1812 	 1917.641113 	 0 
1813 	 1918.023926 	 0 
1814 	 1917.452881 	 1 
1815 	 1917.813599 	 0 
1816 	 1917.469238 	 1 
1817 	 1917.383301 	 1 
1818 	 1917.880005 	 0 
1819 	 1917.706665 	 1 
1820 	 1917.849609 	 0 
1821 	 1917.005737 	 2 
1822 	 1917.665161 	 0 
1823 	 1917.262329 	 1 
1824 	 1917.324219 	 1 
1825 	 1917.913086 	 0 
1826 	 1917.170532 	 1 
1827 	 1917.608765 	 0 
1828 	 1917.011597 	 2 
1829 	 1917.559814 	 0 
1830 	 1917.676636 	 0 
1831 	 1917.603394 	 0 
1832 	 1917.432739 	 0 
1833 	 1917.605957 	 0 
1834 	 1917.868530 	 0 
1835 	 1917.853394 	 0 
1836 	 1917.641602 	 0 
1837 	 1917.083618 	 1 
1838 	 1917.772827 	 0 
1839 	 1917.398438 	 1 
1840 	 1917.740356 	 0 
1841 	 1917.881226 	 0 
1842 	 1917.428101 	 1 
1843 	 1917.611694 	 0 
1844 	 1917.393188 	 1 
1845 	 1917.859375 	 0 
1846 	 1917.783813 	 0 
1847 	 1917.337891 	 1 
1848 	 1916.965576 	 1 
1849 	 1917.303833 	 1 
1850 	 1917.732300 	 0 
1851 	 1917.575928 	 1 
1852 	 1917.381226 	 1 
1853 	 1917.064453 	 2 
1854 	 1917.322876 	 1 
1855 	 1917.932495 	 0 
1856 	 1917.067871 	 2 
1857 	 1917.885010 	 0 
1858 	 1917.310425 	 1 
1859 	 1917.377808 	 1 
1860 	 1918.180054 	 0 
1861 	 1917.514771 	 1 
1862 	 1917.350708 	 1 
1863 	 1918.384399 	 0 
1864 	 1917.351562 	 1 
1865 	 1917.810059 	 0 
1866 	 1917.586914 	 0 
1867 	 1917.541992 	 1 
1868 	 1917.899780 	 0 
1869 	 1917.755859 	 0 
1870 	 1917.834106 	 0 
1871 	 1917.816284 	 0 
1872 	 1918.011719 	 0 
1873 	 1917.355469 	 1 
1874 	 1917.312988 	 1 
1875 	 1917.971802 	 0 
1876 	 1917.813232 	 0 
1877 	 1917.690674 	 0 
1878 	 1917.304077 	 1 
1879 	 1917.504028 	 0 
1880 	 1917.998291 	 0 
1881 	 1917.607666 	 0 
1882 	 1917.519043 	 0 
1883 	 1917.553345 	 0 
1884 	 1917.489014 	 0 
1885 	 1917.689087 	 0 
1886 	 1917.067993 	 1 
1887 	 1917.453491 	 1 
1888 	 1917.250610 	 1 
1889 	 1917.693115 	 0 
1890 	 1917.244141 	 1 
1891 	 1917.691772 	 0 
1892 	 1917.366943 	 1 
1893 	 1917.855469 	 0 
1894 	 1917.217651 	 1 
1895 	 1917.912964 	 0 
1896 	 1917.780640 	 0 
1897 	 1917.906738 	 0 
1898 	 1917.699463 	 0 
1899 	 1917.804321 	 0 
1900 	 1917.311035 	 1 
1901 	 1917.568970 	 0 
1902 	 1917.523193 	 0 
1903 	 1917.638306 	 0 
1904 	 1917.209595 	 1 
1905 	 1917.357666 	 1 
1906 	 1917.690918 	 0 
1907 	 1917.613403 	 0 
1908 	 1917.581299 	 1 
1909 	 1917.134399 	 2 
1910 	 1917.377930 	 1 
1911 	 1917.125366 	 2 
1912 	 1918.032715 	 0 
1913 	 1917.926025 	 0 
1914 	 1917.425903 	 1 
1915 	 1917.197754 	 2 
1916 	 1917.094360 	 1 
1917 	 1917.889282 	 0 
1918 	 1917.568726 	 0 
1919 	 1917.693848 	 0 
1920 	 1917.519165 	 1 
1921 	 1917.539307 	 1 
1922 	 1917.482422 	 1 
1923 	 1917.187500 	 1 
1924 	 1917.369019 	 1 
1925 	 1917.749268 	 0 
1926 	 1917.605469 	 0 
1927 	 1917.850098 	 0 
1928 	 1917.578857 	 0 
1929 	 1917.828979 	 0 
1930 	 1917.733765 	 0 
1931 	 1917.731689 	 0 
1932 	 1917.666138 	 0 
1933 	 1917.287109 	 1 
1934 	 1917.562256 	 1 
1935 	 1917.481812 	 0 
1936 	 1917.933472 	 0 
1937 	 1916.844360 	 2 
1938 	 1917.213745 	 1 
1939 	 1917.350098 	 1 
1940 	 1917.714844 	 0 
1941 	 1917.637329 	 0 
1942 	 1917.875244 	 0 
1943 	 1917.645996 	 0 
1944 	 1917.561401 	 0 
1945 	 1917.794189 	 0 
1946 	 1917.698364 	 0 
1947 	 1917.389038 	 1 
1948 	 1917.689697 	 0 
1949 	 1917.871216 	 0 
1950 	 1917.645386 	 1 
1951 	 1917.172852 	 1 
1952 	 1917.945190 	 0 
1953 	 1917.681274 	 0 
1954 	 1917.982666 	 0 
1955 	 1917.354980 	 1 
1956 	 1917.687622 	 0 
1957 	 1917.649048 	 0 
1958 	 1917.930908 	 0 
1959 	 1917.599609 	 0 
1960 	 1917.532471 	 1 
1961 	 1917.671387 	 0 
1962 	 1917.711670 	 0 
1963 	 1917.526245 	 1 
1964 	 1917.666382 	 0 
1965 	 1917.693481 	 0 
1966 	 1917.657959 	 0 
1967 	 1917.041382 	 2 
1968 	 1917.624878 	 1 
1969 	 1917.656250 	 0 
1970 	 1917.578125 	 1 
1971 	 1918.029053 	 0 
1972 	 1917.140625 	 2 
1973 	 1917.070435 	 2 
1974 	 1917.690186 	 0 
1975 	 1917.389893 	 1 
1976 	 1917.742188 	 0 
1977 	 1917.762573 	 0 
1978 	 1917.791870 	 0 
1979 	 1917.729248 	 0 
1980 	 1917.732056 	 0 
1981 	 1917.771851 	 0 
1982 	 1917.636475 	 0 
1983 	 1917.681763 	 1 
1984 	 1917.690918 	 0 
1985 	 1917.431274 	 1 
1986 	 1917.408813 	 0 
1987 	 1917.851318 	 0 
1988 	 1917.592163 	 0 
1989 	 1917.718018 	 0 
1990 	 1917.452148 	 1 
1991 	 1917.300293 	 0 
1992 	 1917.863159 	 0 
1993 	 1917.801880 	 0 
1994 	 1918.008057 	 0 
1995 	 1917.137329 	 1 
1996 	 1917.557007 	 0 
1997 	 1917.621460 	 0 
1998 	 1917.838013 	 0 
1999 	 1917.990112 	 0 
2000 	 1917.568359 	 0 
2001 	 1917.288452 	 1 
2002 	 1917.789673 	 0 
2003 	 1917.953125 	 0 
2004 	 1917.457886 	 0 
2005 	 1917.619629 	 0 
2006 	 1917.863159 	 0 
2007 	 1917.206055 	 1 
2008 	 1917.721924 	 0 
2009 	 1917.328979 	 1 
2010 	 1917.707031 	 0 
2011 	 1917.693970 	 0 
2012 	 1917.741333 	 0 
2013 	 1917.438232 	 1 
2014 	 1917.476562 	 1 
2015 	 1916.504150 	 3 
2016 	 1917.324097 	 1 
2017 	 1917.758179 	 0 
2018 	 1917.500977 	 1 
2019 	 1917.605591 	 1 
2020 	 1917.421875 	 1 
2021 	 1917.351318 	 1 
2022 	 1917.873657 	 0 
2023 	 1917.819336 	 0 
2024 	 1917.263794 	 1 
2025 	 1917.570923 	 1 
2026 	 1917.481934 	 0 
2027 	 1917.499146 	 1 
2028 	 1917.847656 	 0 
2029 	 1917.529297 	 0 
2030 	 1917.051636 	 2 
2031 	 1917.334229 	 1 
2032 	 1917.227783 	 2 
2033 	 1918.094360 	 0 
2034 	 1917.662964 	 0 
2035 	 1917.640503 	 0 
2036 	 1917.420532 	 1 
2037 	 1917.319702 	 1 
2038 	 1917.800415 	 0 
2039 	 1917.780518 	 0 
2040 	 1917.557251 	 0 
2041 	 1917.650879 	 0 
2042 	 1917.704834 	 0 
2043 	 1917.659424 	 0 
2044 	 1917.472412 	 1 
2045 	 1917.494751 	 1 
2046 	 1916.840088 	 2 
2047 	 1917.784912 	 0 
2048 	 1917.627930 	 0 
2049 	 1917.725586 	 0 
2050 	 1917.719360 	 0 
2051 	 1917.292236 	 1 
2052 	 1917.601318 	 0 
2053 	 1917.687134 	 0 
2054 	 1917.849976 	 0 
2055 	 1917.012939 	 2 
2056 	 1917.325928 	 1 
2057 	 1917.311646 	 1 
2058 	 1917.412354 	 1 
2059 	 1917.506348 	 0 
2060 	 1917.420166 	 1 
2061 	 1917.248047 	 1 
2062 	 1917.793091 	 0 
2063 	 1917.528931 	 1 
2064 	 1917.612793 	 0 
2065 	 1917.362061 	 1 
2066 	 1917.694580 	 0 
2067 	 1917.838257 	 0 
2068 	 1917.731445 	 0 
2069 	 1917.625854 	 0 
2070 	 1917.817139 	 0 
2071 	 1917.667725 	 0 
2072 	 1917.364624 	 1 
2073 	 1917.461548 	 0 
2074 	 1917.453247 	 0 
2075 	 1917.689087 	 0 
2076 	 1917.984253 	 0 
2077 	 1917.239746 	 1 
2078 	 1917.523071 	 1 
2079 	 1917.462036 	 1 
2080 	 1917.990845 	 0 
2081 	 1917.809326 	 0 
2082 	 1917.700684 	 0 
2083 	 1917.831787 	 0 
2084 	 1917.759644 	 0 
2085 	 1917.973755 	 0 
2086 	 1917.476562 	 0 
2087 	 1917.342163 	 1 
2088 	 1917.869873 	 0 
2089 	 1917.727539 	 0 
2090 	 1917.733521 	 0 
2091 	 1917.767456 	 0 
2092 	 1917.118774 	 1 
2093 	 1917.279785 	 1 
2094 	 1917.500366 	 1 
2095 	 1917.798218 	 0 
2096 	 1917.839355 	 0 
2097 	 1917.609497 	 0 
2098 	 1917.568604 	 0 
2099 	 1917.765381 	 0 
2100 	 1917.899536 	 0 
2101 	 1917.892334 	 0 
2102 	 1917.390381 	 1 
2103 	 1917.641357 	 0 
2104 	 1917.853271 	 0 
2105 	 1917.917847 	 0 
2106 	 1916.808350 	 2 
2107 	 1917.996216 	 0 
2108 	 1917.681885 	 0 
2109 	 1918.029175 	 0 
2110 	 1917.680420 	 0 
2111 	 1917.506470 	 1 
2112 	 1917.380615 	 1 
2113 	 1918.008301 	 0 
2114 	 1917.726074 	 0 
2115 	 1917.738525 	 0 
2116 	 1917.231812 	 1 
2117 	 1917.830444 	 0 
2118 	 1917.783447 	 0 
2119 	 1917.648071 	 0 
2120 	 1917.685425 	 0 
2121 	 1917.783447 	 0 
2122 	 1917.777344 	 0 
2123 	 1917.635132 	 0 
2124 	 1917.354370 	 1 
2125 	 1917.869751 	 0 
2126 	 1917.898071 	 0 
2127 	 1917.757080 	 0 
2128 	 1917.094360 	 1 
2129 	 1917.720337 	 0 
2130 	 1917.849243 	 0 
2131 	 1917.307739 	 1 
2132 	 1917.692017 	 0 
2133 	 1917.841797 	 0 
2134 	 1917.490479 	 1 
2135 	 1917.658569 	 0 
2136 	 1917.846924 	 0 
2137 	 1917.753906 	 0 
2138 	 1917.469604 	 1 
2139 	 1917.931152 	 0 
2140 	 1917.604980 	 0 
2141 	 1917.745728 	 0 
2142 	 1917.503418 	 0 
2143 	 1917.521362 	 0 
2144 	 1917.516968 	 1 
2145 	 1917.497070 	 0 
2146 	 1917.496216 	 1 
2147 	 1917.663208 	 0 
2148 	 1917.247437 	 1 
2149 	 1917.415771 	 1 
2150 	 1916.929077 	 2 
2151 	 1917.286743 	 1 
2152 	 1917.628784 	 0 
2153 	 1917.651733 	 0 
2154 	 1917.740356 	 0 
2155 	 1917.558960 	 0 
2156 	 1917.820312 	 0 
2157 	 1917.840210 	 0 
2158 	 1917.712036 	 0 
2159 	 1917.370972 	 1 
2160 	 1917.917480 	 0 
2161 	 1917.576782 	 1 
2162 	 1917.931274 	 0 
2163 	 1917.570068 	 0 
2164 	 1917.182495 	 1 
2165 	 1917.785034 	 0 
2166 	 1917.728760 	 0 
2167 	 1917.852417 	 0 
2168 	 1917.746582 	 0 
2169 	 1917.390625 	 0 
2170 	 1917.913818 	 0 
2171 	 1917.489258 	 0 
2172 	 1917.629395 	 0 
2173 	 1917.677246 	 0 
2174 	 1917.529907 	 1 
2175 	 1917.830688 	 0 
2176 	 1917.497681 	 0 
2177 	 1917.627441 	 0 
2178 	 1917.444580 	 1 
2179 	 1917.771362 	 0 
2180 	 1918.083984 	 0 
2181 	 1917.774292 	 0 
2182 	 1917.735474 	 0 
2183 	 1917.659058 	 0 
2184 	 1917.629883 	 1 
2185 	 1917.658813 	 0 
2186 	 1917.469849 	 1 
2187 	 1917.652222 	 0 
2188 	 1917.790894 	 0 
2189 	 1917.765137 	 0 
2190 	 1917.999756 	 0 
2191 	 1917.262939 	 1 
2192 	 1917.507202 	 0 
2193 	 1917.718140 	 0 
2194 	 1917.336426 	 1 
2195 	 1917.807373 	 0 
2196 	 1917.831787 	 0 
2197 	 1917.557129 	 1 
2198 	 1917.660400 	 1 
2199 	 1917.373657 	 1 
2200 	 1917.529907 	 0 
2201 	 1917.582886 	 0 
2202 	 1918.002441 	 0 
2203 	 1917.763062 	 0 
2204 	 1918.116089 	 0 
2205 	 1918.023804 	 0 
2206 	 1917.359741 	 1 
2207 	 1917.303589 	 1 
2208 	 1917.149048 	 1 
2209 	 1917.902588 	 0 
2210 	 1917.626343 	 0 
2211 	 1917.998779 	 0 
2212 	 1917.374268 	 1 
2213 	 1917.136963 	 2 
2214 	 1917.530151 	 1 
2215 	 1917.723267 	 0 
2216 	 1917.278442 	 1 
2217 	 1917.885010 	 0 
2218 	 1917.168213 	 1 
2219 	 1917.964722 	 0 
2220 	 1917.605103 	 0 
2221 	 1917.766724 	 0 
2222 	 1917.168213 	 1 
2223 	 1917.705078 	 0 
2224 	 1917.634033 	 0 
2225 	 1917.538696 	 0 
2226 	 1917.244385 	 1 
2227 	 1917.685913 	 0 
2228 	 1917.722290 	 0 
2229 	 1917.930664 	 0 
2230 	 1917.648193 	 0 
2231 	 1917.791016 	 0 
2232 	 1917.904907 	 0 
2233 	 1917.571289 	 0 
2234 	 1917.567383 	 0 
2235 	 1917.612183 	 0 
2236 	 1917.906738 	 0 
2237 	 1917.258667 	 1 
2238 	 1917.651489 	 0 
2239 	 1917.661133 	 0 
2240 	 1917.848877 	 0 
2241 	 1917.168823 	 1 
2242 	 1917.328247 	 1 
2243 	 1917.280151 	 1 
2244 	 1917.427979 	 1 
2245 	 1917.717285 	 0 
2246 	 1916.874146 	 2 
2247 	 1917.767822 	 0 
2248 	 1917.703979 	 0 
2249 	 1917.664307 	 0 
2250 	 1917.563110 	 1 
2251 	 1916.717285 	 3 
2252 	 1917.874023 	 0 
2253 	 1917.344116 	 1 
2254 	 1917.386963 	 0 
2255 	 1917.760864 	 0 
2256 	 1917.570923 	 0 
2257 	 1917.906738 	 0 
2258 	 1917.629517 	 0 
2259 	 1917.759766 	 0 
2260 	 1917.667480 	 1 
2261 	 1918.028564 	 0 
2262 	 1917.607788 	 0 
2263 	 1917.414185 	 1 
2264 	 1917.148682 	 1 
2265 	 1917.500366 	 0 
2266 	 1917.437500 	 0 
2267 	 1917.841187 	 0 
2268 	 1917.705688 	 0 
2269 	 1917.631226 	 0 
2270 	 1917.757690 	 0 
2271 	 1917.196777 	 1 
2272 	 1918.111084 	 0 
2273 	 1917.854248 	 0 
2274 	 1917.788818 	 0 
2275 	 1917.410767 	 1 
2276 	 1917.357300 	 0 
2277 	 1917.158447 	 1 
2278 	 1917.385742 	 0 
2279 	 1917.015991 	 2 
2280 	 1917.842651 	 0 
2281 	 1917.769165 	 0 
2282 	 1917.756226 	 0 
2283 	 1917.320068 	 1 
2284 	 1917.526001 	 0 
2285 	 1917.460449 	 1 
2286 	 1917.586914 	 0 
2287 	 1917.264404 	 0 
2288 	 1917.529175 	 0 
2289 	 1916.870483 	 2 
2290 	 1917.390503 	 1 
2291 	 1917.763184 	 0 
2292 	 1917.885620 	 0 
2293 	 1917.260132 	 1 
2294 	 1917.770020 	 0 
2295 	 1917.560303 	 0 
2296 	 1917.607178 	 0 
2297 	 1917.328125 	 1 
2298 	 1916.988403 	 2 
2299 	 1917.638794 	 0 
2300 	 1917.765137 	 0 
2301 	 1917.959717 	 0 
2302 	 1917.276978 	 1 
2303 	 1917.568970 	 1 
2304 	 1917.650024 	 0 
2305 	 1917.648926 	 0 
2306 	 1917.489136 	 1 
2307 	 1917.765625 	 0 
2308 	 1917.385132 	 1 
2309 	 1917.164795 	 1 
2310 	 1917.631226 	 1 
2311 	 1917.738159 	 0 
2312 	 1917.729370 	 0 
2313 	 1917.463257 	 0 
2314 	 1917.471924 	 1 
2315 	 1917.158936 	 2 
2316 	 1917.540894 	 0 
2317 	 1917.409790 	 0 
2318 	 1917.888184 	 0 
2319 	 1917.735718 	 0 
2320 	 1917.869141 	 0 
2321 	 1917.783447 	 0 
2322 	 1917.604980 	 0 
2323 	 1917.442017 	 0 
2324 	 1917.298462 	 1 
2325 	 1918.053833 	 0 
2326 	 1917.947754 	 0 
2327 	 1917.193237 	 1 
2328 	 1917.426270 	 1 
2329 	 1917.274170 	 2 
2330 	 1917.400269 	 0 
2331 	 1917.484009 	 1 
2332 	 1917.316650 	 1 
2333 	 1917.369629 	 1 
2334 	 1917.567261 	 0 
2335 	 1917.642944 	 0 
2336 	 1917.223877 	 1 
2337 	 1917.623901 	 0 
2338 	 1917.546509 	 0 
2339 	 1917.523682 	 0 
2340 	 1917.799438 	 0 
2341 	 1917.748047 	 0 
2342 	 1917.759277 	 0 
2343 	 1917.437256 	 1 
2344 	 1917.729858 	 0 
2345 	 1917.422607 	 1 
2346 	 1918.011230 	 0 
2347 	 1917.727417 	 0 
2348 	 1917.552002 	 1 
2349 	 1917.363647 	 1 
2350 	 1917.469604 	 1 
2351 	 1917.581421 	 0 
2352 	 1917.521240 	 1 
2353 	 1917.284790 	 1 
2354 	 1917.795654 	 0 
2355 	 1917.758423 	 0 
2356 	 1917.779053 	 0 
2357 	 1917.454956 	 1 
2358 	 1917.646362 	 0 
2359 	 1917.376099 	 1 
2360 	 1917.856079 	 0 
2361 	 1917.635010 	 0 
2362 	 1917.746826 	 0 
2363 	 1917.094116 	 2 
2364 	 1917.466309 	 1 
2365 	 1917.700439 	 0 
2366 	 1917.878906 	 0 
2367 	 1918.086060 	 0 
2368 	 1917.458984 	 1 
2369 	 1918.231689 	 0 
2370 	 1917.464478 	 0 
2371 	 1917.787354 	 0 
2372 	 1917.952148 	 0 
2373 	 1917.331299 	 1 
2374 	 1917.839600 	 0 
2375 	 1917.608887 	 1 
2376 	 1917.531250 	 1 
2377 	 1917.813110 	 0 
2378 	 1917.913818 	 0 
2379 	 1917.277222 	 1 
2380 	 1917.456055 	 1 
2381 	 1917.753906 	 0 
2382 	 1917.879272 	 0 
2383 	 1917.399048 	 1 
2384 	 1917.572388 	 1 
2385 	 1917.617065 	 0 
2386 	 1917.363403 	 1 
2387 	 1917.548706 	 1 
2388 	 1916.708130 	 2 
2389 	 1917.300049 	 0 
2390 	 1916.952637 	 2 
2391 	 1917.642944 	 0 
2392 	 1917.590210 	 0 
2393 	 1917.521362 	 0 
2394 	 1917.290161 	 1 
2395 	 1917.023926 	 2 
2396 	 1916.815430 	 2 
2397 	 1917.591309 	 0 
2398 	 1917.690552 	 0 
2399 	 1917.563721 	 0 
